8.716345 8.058679 0.746213 7.358618 9.527209 10.074071 6.590150
10.149102 9.401509 0.759772 8.771589 10.851495 11.526615 7.951524
11.563661 10.763498 0.773127 10.166908 12.194959 12.960414 9.332037
12.960047 12.144112 0.786277 11.544592 13.557083 14.375502 10.731141
14.338302 13.542828 0.799221 12.904675 14.937358 15.771929 12.148298
15.698481 14.959128 0.811961 14.247205 16.335281 17.149758 13.582975
17.040654 16.392504 0.824497 15.572242 17.750358 18.509066 15.034651
18.364903 17.842457 0.836827 16.879860 19.182101 19.849946 16.502812
19.671323 19.308494 0.848953 18.170146 20.630033 21.172501 17.986954
20.960024 20.790132 0.860873 19.443200 22.093682 22.476848 19.486581
22.231124 22.286897 0.872589 20.699132 23.572587 23.763116 21.001206
23.484757 23.798323 0.884100 21.938067 25.066293 25.031447 22.530352
24.721065 25.323953 0.895407 23.160138 26.574355 26.281992 24.073550
25.940203 26.863338 0.906508 24.365491 28.096336 27.514915 25.630341
27.142336 28.416040 0.917405 25.554282 29.631806 28.730390 27.200275
28.327639 29.981628 0.928097 26.726678 31.180345 29.928601 28.782911
29.496298 31.559680 0.938584 27.882854 32.741542 31.109742 30.377818
30.648506 33.149783 0.948866 29.022995 34.314993 32.274017 31.984573
31.784468 34.751533 0.958944 30.147298 35.900303 33.421639 33.602764
32.904397 36.364535 0.968816 31.255965 37.497086 34.552829 35.231984
34.008513 37.988402 0.978484 32.349208 39.104963 35.667817 36.871841
35.097046 39.622756 0.987947 33.427250 40.723566 36.766842 38.521947
36.170233 41.267228 0.997206 34.490317 42.352531 37.850148 40.181925
37.228319 42.921457 1.006259 35.538646 43.991507 38.917991 41.851407
38.271555 44.585091 1.015108 36.572481 45.640148 39.970630 43.530034
39.300202 46.257786 1.023751 37.592071 47.298117 41.008333 45.217454
40.314524 47.939206 1.032190 38.597675 48.965085 42.031374 46.913326
41.314795 49.629023 1.040425 39.589556 50.640731 43.040033 48.617315
42.301291 51.326919 1.048454 40.567985 52.324742 44.034597 50.329096
43.274297 53.032582 1.056279 41.533237 54.016812 45.015357 52.048352
44.234103 54.745707 1.063898 42.485594 55.716643 45.982612 53.774772
45.181004 56.466000 1.071313 43.425344 57.423944 46.936665 55.508056
46.115300 58.193171 1.078523 44.352779 59.138431 47.877822 57.247911
47.037297 59.926939 1.085529 45.268197 60.859829 48.806397 58.994049
47.947304 61.667031 1.092329 46.171900 62.587869 49.722707 60.746193
48.845635 63.413179 1.098925 47.064197 64.322287 50.627074 62.504071
49.732609 65.165123 1.105316 47.945397 66.062828 51.519821 64.267419
50.608549 66.922611 1.111502 48.815818 67.809242 52.401280 66.035979
51.473781 68.685395 1.117483 49.675779 69.561288 53.271783 67.809502
52.328635 70.453236 1.123260 50.525603 71.318728 54.131666 69.587743
53.173444 72.225898 1.128831 51.365618 73.081331 54.981270 71.370465
54.008546 74.003155 1.134198 52.196155 74.848874 55.820937 73.157437
54.834280 75.784784 1.139360 53.017548 76.621135 56.651012 74.948432
55.650989 77.570568 1.144317 53.830133 78.397903 57.471845 76.743232
56.459019 79.360296 1.149070 54.634252 80.178968 58.283786 78.541623
57.258718 81.153762 1.153617 55.430247 81.964128 59.087190 80.343396
58.050437 82.950765 1.157960 56.218464 83.753183 59.882411 82.148347
58.834529 84.751109 1.162098 56.999252 85.545939 60.669807 83.956279
59.611350 86.554603 1.166031 57.772960 87.342209 61.449740 85.766998
60.381256 88.361060 1.169760 58.539942 89.141806 62.222569 87.580314
61.144606 90.170297 1.173283 59.300553 90.944550 62.988660 89.396044
61.901763 91.982135 1.176602 60.055151 92.750264 63.748376 91.214006
62.653089 93.796398 1.179716 60.804093 94.558773 64.502084 93.034023
63.398947 95.612917 1.182625 61.547741 96.369910 65.250152 94.855924
64.139704 97.431521 1.185329 62.286458 98.183505 65.992950 96.679537
64.875727 99.252047 1.187829 63.020607 99.999396 66.730846 98.504697
65.607383 101.074332 1.190123 63.750554 101.817423 67.464213 100.331241
66.335043 102.898217 1.192213 64.476665 103.637425 68.193422 102.159008
67.059077 104.723544 1.194098 65.199308 105.459248 68.918846 103.987840
67.779856 106.550159 1.195779 65.918854 107.282737 69.640858 105.817581
68.497751 108.377909 1.197254 66.635670 109.107741 70.359833 107.648078
69.213137 110.206644 1.198525 67.350130 110.934109 71.076144 109.479179
69.926385 112.036212 1.199590 68.062604 112.761691 71.790167 111.310734
70.637871 113.866468 1.200451 68.773466 114.590341 72.502276 113.142594
71.347968 115.697262 1.201108 69.483088 116.419912 73.212848 114.974612
72.057051 117.528449 1.201559 70.191845 118.250258 73.922257 116.806641
72.765495 119.359884 1.201806 70.900111 120.081232 74.630879 118.638535
73.473675 121.191421 1.201847 71.608261 121.912691 75.339089 120.470150
74.181966 123.022915 1.201684 72.316670 123.744489 76.047262 122.301340
74.890743 124.854220 1.201317 73.025712 125.576481 76.755774 124.131959
75.600381 126.685193 1.200744 73.735765 127.408521 77.464998 125.961864
76.311255 128.515685 1.199966 74.447202 129.240464 78.175309 127.790907
77.023740 130.345552 1.198984 75.160399 131.072161 78.887081 129.618943
77.738209 132.174644 1.197797 75.875731 132.903465 79.600686 131.445824
78.455035 134.002814 1.196405 76.593575 134.734226 80.316496 133.271402
79.174593 135.829911 1.194808 77.314303 136.564294 81.034884 135.095527
79.897255 137.655782 1.193007 78.038290 138.393515 81.756219 136.918048
80.623391 139.480274 1.191000 78.765910 140.221735 82.480871 138.738812
81.353373 141.303230 1.188789 79.497536 142.048797 83.209209 140.557663
82.087570 143.124493 1.186373 80.233540 143.874541 83.941600 142.374444
82.826352 144.943901 1.183753 80.974294 145.698806 84.678410 144.188996
83.570086 146.761290 1.180927 81.720168 147.521425 85.420003 146.001155
84.319137 148.576494 1.177897 82.471532 149.342231 86.166743 147.810756
85.073872 150.389342 1.174661 83.228753 151.161053 86.918990 149.617631
85.834653 152.199661 1.171221 83.992200 152.977714 87.677106 151.421607
86.601842 154.007273 1.167577 84.762237 154.792037 88.441446 153.222509
87.375799 155.811998 1.163727 85.539228 156.603838 89.212369 155.020158
88.156882 157.613650 1.159673 86.323537 158.412929 89.990226 156.814370
88.945447 159.412039 1.155413 87.115524 160.219120 90.775371 158.604958
89.741849 161.206972 1.150949 87.915547 162.022214 91.568152 160.391730
90.546439 162.998249 1.146280 88.723963 163.822009 92.368916 162.174490
91.359567 164.785667 1.141407 89.541127 165.618299 93.178007 163.953035
92.181579 166.569016 1.136328 90.367391 167.410872 93.995767 165.727160
93.012819 168.348082 1.131045 91.203104 169.199511 94.822534 167.496653
93.853628 170.122646 1.125557 92.048613 170.983994 95.658643 169.261298
94.704345 171.892481 1.119864 92.904262 172.764091 96.504427 171.020871
95.565304 173.657356 1.113966 93.770393 174.539567 97.360214 172.775145
96.436837 175.417033 1.107864 94.647343 176.310182 98.226330 174.523885
97.319271 177.171269 1.101556 95.535447 178.075686 99.103096 176.266851
98.212932 178.919812 1.095044 96.435035 179.835827 99.990829 178.003797
106.431871 194.626469 1.088327 104.660168 195.554405 108.203575 193.698533
107.283539 196.228030 1.075813 105.523586 197.178065 109.043492 195.277996
108.155032 197.818891 1.063487 106.406922 198.790545 109.903142 196.847237
109.045918 199.398974 1.051351 107.309728 200.391771 110.782107 198.406177
109.955765 200.968215 1.039404 108.231560 201.981684 111.679969 199.954746
110.884147 202.526563 1.027646 109.171978 203.560234 112.596317 201.492891
111.830643 204.073976 1.016076 110.130547 205.127386 113.530739 203.020566
112.794832 205.610428 1.004696 111.106834 206.683117 114.482830 204.537738
113.776299 207.135900 0.993505 112.100411 208.227412 115.452187 206.044388
114.774633 208.650389 0.982503 113.110855 209.760272 116.438411 207.540505
115.789427 210.153898 0.971690 114.137747 211.281707 117.441107 209.026089
116.820277 211.646445 0.961066 115.180672 212.791737 118.459883 210.501152
117.866786 213.128055 0.950631 116.239221 214.290393 119.494352 211.965716
118.928560 214.598765 0.940386 117.312989 215.777718 120.544131 213.419811
120.005208 216.058621 0.930329 118.401575 217.253761 121.608841 214.863480
121.096346 217.507679 0.920461 119.504584 218.718585 122.688108 216.296772
122.201594 218.946004 0.910782 120.621627 220.172260 123.781561 217.719748
123.320577 220.373671 0.901293 121.752317 221.614865 124.888836 219.132477
124.452923 221.790762 0.891992 122.896275 223.046488 126.009571 220.535037
125.598267 223.197369 0.882880 124.053125 224.467226 127.143409 221.927512
126.756248 224.593592 0.873958 125.222498 225.877185 128.289998 223.309999
127.926509 225.979538 0.865224 126.404028 227.276476 129.448991 224.682599
129.108701 227.355322 0.856680 127.597356 228.665222 130.620045 226.045422
130.302475 228.721068 0.848324 128.802128 230.043550 131.802822 227.398586
131.507491 230.076907 0.840158 130.017994 231.411597 132.996988 228.742216
132.723412 231.422974 0.832181 131.244609 232.769504 134.202215 230.076444
133.949906 232.759415 0.824392 132.481635 234.117422 135.418176 231.401409
135.186646 234.086381 0.816793 133.728737 235.455506 136.644554 232.717256
136.433309 235.404028 0.809383 134.985586 236.783918 137.881032 234.024138
137.689579 236.712520 0.802162 136.251858 238.102828 139.127300 235.322212
138.955142 238.012026 0.795130 137.527233 239.412410 140.383051 236.611642
140.229690 239.302721 0.788287 138.811398 240.712843 141.647983 237.892598
141.512920 240.584785 0.781633 140.104041 242.004314 142.921798 239.165256
142.804531 241.858405 0.775168 141.404860 243.287012 144.204203 240.429797
144.104230 243.123770 0.768892 142.713552 244.561134 145.494909 241.686407
145.411727 244.381078 0.762805 144.029823 245.826880 146.793630 242.935277
146.726733 245.630529 0.756907 145.353381 247.084455 148.100086 244.176602
148.048969 246.872327 0.751198 146.683939 248.334070 149.413999 245.410583
149.378156 248.106682 0.745678 148.021215 249.575937 150.735097 246.637426
150.714020 249.333808 0.740348 149.364931 250.810276 152.063110 247.857340
152.056292 250.553922 0.735206 150.714812 252.037308 153.397772 249.070537
153.404704 251.767247 0.730253 152.070587 253.257258 154.738821 250.277236
154.758995 252.974006 0.725490 153.431991 254.470355 156.085999 251.477657
156.118906 254.174430 0.720915 154.798761 255.676833 157.439051 252.672026
157.484181 255.368748 0.716530 156.170638 256.876927 158.797725 253.860570
158.854569 256.557198 0.712333 157.547366 258.070876 160.161772 255.043520
160.229820 257.740016 0.708326 158.928693 259.258920 161.530946 256.221112
161.609688 258.917445 0.704508 160.314371 260.441306 162.905006 257.393584
162.993932 260.089726 0.700878 161.704154 261.618279 164.283710 258.561174
164.382311 261.257108 0.697438 163.097799 262.790088 165.666823 259.724127
165.774588 262.419838 0.694187 164.495067 263.956986 167.054109 260.882689
167.170529 263.578167 0.691125 165.895721 265.119226 168.445337 262.037107
168.569901 264.732348 0.688251 167.299526 266.277064 169.840276 263.187632
169.972475 265.882637 0.685567 168.706251 267.430757 171.238699 264.334516
171.378023 267.029289 0.683072 170.115665 268.580564 172.640381 265.478015
172.786319 268.172564 0.680766 171.527542 269.726746 174.045097 266.618383
174.197141 269.312723 0.678649 172.941657 270.869565 175.452625 267.755880
175.610265 270.450025 0.676721 174.357785 272.009286 176.862746 268.890765
177.025473 271.584735 0.674982 175.775706 273.146171 178.275240 270.023299
178.442544 272.717116 0.673432 177.195199 274.280487 179.689890 271.153745
179.861262 273.847434 0.672072 178.616045 275.412501 181.106479 272.282367
181.281410 274.975954 0.670900 180.038028 276.542479 182.524792 273.409429
182.702773 276.102944 0.669917 181.460931 277.670690 183.944615 274.535198
184.125137 277.228671 0.669124 182.884539 278.797402 185.365734 275.659939
185.548287 278.353403 0.668519 184.308638 279.922884 186.787936 276.783922
186.972010 279.477409 0.668103 185.733014 281.047405 188.211007 277.907413
188.396095 280.600958 0.667877 187.157454 282.171235 189.634736 279.030681
189.820328 281.724319 0.667839 188.581746 283.294642 191.058910 280.153996
191.244497 282.847761 0.667991 190.005677 284.417897 192.483316 281.277626
192.668389 283.971554 0.668331 191.429035 285.541267 193.907743 282.401840
194.091792 285.095966 0.668861 192.851607 286.665022 195.331978 283.526909
195.514493 286.221266 0.669580 194.273180 287.789431 196.755806 284.653101
196.936279 287.347722 0.670487 195.693543 288.914760 198.179015 285.780685
198.356935 288.475603 0.671584 197.112481 290.041277 199.601389 286.909930
199.776246 289.605176 0.672870 198.529780 291.169249 201.022712 288.041104
201.193996 290.736707 0.674345 199.945225 292.298939 202.442768 289.174474
202.609970 291.870461 0.676009 201.358601 293.430613 203.861339 290.310309
204.023947 293.006703 0.677862 202.769689 294.564534 205.278204 291.448872
205.435708 294.145697 0.679904 204.178272 295.700964 206.693145 292.590430
206.845033 295.287704 0.682135 205.584131 296.840162 208.105936 293.735247
208.251699 296.432986 0.684555 206.987043 297.982387 209.516355 294.883585
209.655480 297.581801 0.687164 208.386785 299.127898 210.924174 296.035705
211.056149 298.734407 0.689962 209.783134 300.276948 212.329165 297.191867
212.453479 299.891060 0.692949 211.175861 301.429791 213.731097 298.352330
213.847238 301.052014 0.696125 212.564739 302.586679 215.129737 299.517349
215.237192 302.217520 0.699491 213.949536 303.747861 216.524848 300.687180
216.623105 303.387828 0.703045 215.330017 304.913582 217.916192 301.862074
218.004738 304.563185 0.706788 216.705948 306.084088 219.303528 303.042282
219.381850 305.743836 0.710721 218.077090 307.259620 220.686611 304.228052
220.754197 306.930023 0.714842 219.443201 308.440416 222.065194 305.419629
222.121531 308.121984 0.719153 220.804036 309.626713 223.439025 306.617256
223.483600 309.319958 0.723652 222.159348 310.818743 224.807852 307.821173
224.840152 310.524176 0.728341 223.508887 312.016735 226.171416 309.031616
226.190928 311.734868 0.733218 224.852399 313.220917 227.529457 310.248820
227.535667 312.952262 0.738285 226.189626 314.431510 228.881708 311.473015
228.874105 314.176580 0.743541 227.520308 315.648733 230.227902 312.704428
230.205974 315.408042 0.748986 228.844182 316.872801 231.567766 313.943282
231.531001 316.646861 0.754619 230.160978 318.103926 232.901024 315.189797
232.848909 317.893251 0.760442 231.470425 319.342313 234.227393 316.444188
234.159419 319.147417 0.766454 232.772249 320.588166 235.546590 317.706668
235.462246 320.409562 0.772655 234.066169 321.841682 236.858324 318.977442
245.042013 329.748236 0.772655 243.645935 331.180356 246.438091 328.316117
246.455218 331.138677 0.781879 245.045991 332.557859 247.864446 329.719495
247.855636 332.541996 0.790963 246.433574 333.948317 249.277699 331.135674
249.243347 333.957882 0.799908 247.808763 335.351427 250.677932 332.564337
250.618437 335.386029 0.808714 249.171637 336.766887 252.065237 334.005170
251.980999 336.826134 0.817381 250.522286 338.194402 253.439711 335.457866
253.331130 338.277900 0.825908 251.860803 339.633680 254.801456 336.922120
254.668935 339.741032 0.834295 253.187288 341.084432 256.150581 338.397632
255.994524 341.215241 0.842543 254.501847 342.546374 257.487200 339.884108
257.308011 342.700243 0.850652 255.804590 344.019228 258.811433 341.381257
258.609519 344.195756 0.858622 257.095633 345.502718 260.123404 342.888793
259.899172 345.701504 0.866452 258.375099 346.996572 261.423244 344.406435
261.177100 347.217215 0.874143 259.643113 348.500524 262.711088 345.933906
262.443441 348.742621 0.881694 260.899806 350.014310 263.987075 347.470932
263.698333 350.277459 0.889106 262.145315 351.537671 265.251351 349.017247
264.941923 351.821470 0.896379 263.379781 353.070354 266.504065 350.572585
266.174359 353.374398 0.903512 264.603348 354.612108 267.745370 352.136689
267.395795 354.935993 0.910506 265.816166 356.162685 268.975424 353.709301
268.606389 356.506008 0.917361 267.018389 357.721844 270.194389 355.290173
269.806303 358.084201 0.924076 268.210174 359.289346 271.402432 356.879057
270.995702 359.670334 0.930652 269.391683 360.864956 272.599722 358.475711
272.174757 361.264171 0.937089 270.563082 362.448444 273.786432 360.079898
273.343641 362.865483 0.943386 271.724540 364.039584 274.962742 361.691382
274.502530 364.474043 0.949543 272.876230 365.638151 276.128830 363.309934
275.651605 366.089628 0.955562 274.018328 367.243928 277.284881 364.935328
276.791048 367.712021 0.961441 275.151014 368.856699 278.431082 366.567343
277.921048 369.341006 0.967181 276.274471 370.476252 279.567625 368.205760
279.041793 370.976372 0.972781 277.388884 372.102378 280.694702 369.850365
280.153477 372.617911 0.978242 278.494443 373.734874 281.812510 371.500947
281.256294 374.265419 0.983563 279.591341 375.373539 282.921248 373.157300
282.350444 375.918697 0.988746 280.679770 377.018174 284.021118 374.819221
283.436128 377.577548 0.993788 281.759931 378.668585 285.112325 376.486510
284.513548 379.241777 0.998692 282.832021 380.324582 286.195075 378.158972
285.582912 380.911195 1.003456 283.896245 381.985977 287.269578 379.836413
286.644426 382.585614 1.008081 284.952808 383.652584 288.336045 381.518644
287.698303 384.264852 1.012566 286.001916 385.324224 289.394691 383.205480
288.744755 385.948726 1.016912 287.043779 387.000716 290.445730 384.896737
289.783996 387.637061 1.021119 288.078610 388.681886 291.489382 386.592236
290.816244 389.329680 1.025186 289.106623 390.367560 292.525866 388.291800
291.841718 391.026412 1.029114 290.128033 392.057569 293.555402 389.995256
292.860637 392.727089 1.032902 291.143058 393.751746 294.578216 391.702431
293.873225 394.431542 1.036551 292.151918 395.449925 295.594532 393.413160
294.879706 396.139610 1.040061 293.154835 397.151945 296.604576 395.127275
295.880304 397.851129 1.043432 294.152032 398.857645 297.608577 396.844614
296.875248 399.565943 1.046663 295.143732 400.566869 298.606764 398.565017
297.864766 401.283893 1.049754 296.130164 402.279461 299.599368 400.288325
298.849088 403.004825 1.052707 297.111554 403.995268 300.586621 402.014383
299.828445 404.728588 1.055520 298.088132 405.714140 301.568757 403.743037
300.803069 406.455032 1.058193 299.060127 407.435926 302.546011 405.474137
301.773195 408.184007 1.060728 300.027773 409.160481 303.518616 407.207532
302.739056 409.915368 1.063122 300.991301 410.887660 304.486812 408.943076
303.700890 411.648970 1.065378 301.950946 412.617317 305.450833 410.680623
304.658931 413.384670 1.067494 302.906942 414.349312 306.410920 412.420028
305.613419 415.122328 1.069471 303.859526 416.083505 307.367312 414.161151
306.564591 416.861802 1.071308 304.808936 417.819755 308.320247 415.903850
307.512687 418.602956 1.073006 305.755407 419.557926 309.269967 417.647985
308.457946 420.345650 1.074565 306.699180 421.297880 310.216712 419.393420
309.400610 422.089751 1.075984 307.640494 423.039483 311.160726 421.140018
310.340919 423.835122 1.077264 308.579589 424.782601 312.102249 422.887643
311.279115 425.581629 1.078405 309.516705 426.527099 313.041524 424.636160
312.215440 427.329141 1.079406 310.452084 428.272846 313.978795 426.385436
313.150136 429.077524 1.080268 311.385969 430.019709 314.914304 428.135339
314.083448 430.826647 1.080990 312.318600 431.767557 315.848296 429.885737
315.015618 432.576378 1.081573 313.250221 433.516259 316.781014 431.636498
315.946889 434.326588 1.082017 314.181076 435.265686 317.712702 433.387491
316.877505 436.077147 1.082321 315.111406 437.015706 318.643604 435.138587
317.807711 437.827923 1.082486 316.041457 438.766192 319.573965 436.889655
318.737750 439.578789 1.082512 316.971472 440.517012 320.504028 438.640566
319.667866 441.329613 1.082398 317.901694 442.268037 321.434037 440.391189
320.598303 443.080267 1.082145 318.832369 444.019137 322.364236 442.141396
321.529305 444.830620 1.081753 319.763740 445.770184 323.294870 443.891056
322.461116 446.580542 1.081221 320.696051 447.521045 324.226181 445.640040
323.393979 448.329904 1.080549 321.629546 449.271592 325.158412 447.388217
324.328138 450.078575 1.079739 322.564469 451.021692 326.091808 449.135457
325.263836 451.826422 1.078789 323.501064 452.771214 327.026609 450.881630
326.201316 453.573314 1.077700 324.439574 454.520026 327.963059 452.626602
327.140820 455.319119 1.076471 325.380242 456.267994 328.901398 454.370243
328.082589 457.063702 1.075103 326.323311 458.014985 329.841868 456.112418
329.026866 458.806929 1.073596 327.269024 459.760864 330.784709 457.852995
329.973891 460.548665 1.071949 328.217622 461.505493 331.730160 459.591837
330.923905 462.288773 1.070163 329.169347 463.248736 332.678462 461.328810
331.877145 464.027115 1.068237 330.124440 464.990455 333.629851 463.063775
332.833853 465.763551 1.066172 331.083140 466.730508 334.584565 464.796594
333.794264 467.497941 1.063968 332.045687 468.468755 335.542841 466.527128
334.758617 469.230143 1.061624 333.012320 470.205052 336.504914 468.255234
335.727148 470.960012 1.059141 333.983277 471.939254 337.471018 469.980770
336.700091 472.687404 1.056519 334.958794 473.671215 338.441387 471.703592
337.677680 474.412170 1.053757 335.939107 475.400786 339.416253 473.423553
338.660149 476.134160 1.050856 336.924452 477.127817 340.395847 475.140504
339.647730 477.853225 1.047816 337.915061 478.852154 341.380399 476.854296
340.640652 479.569210 1.044636 338.911169 480.573643 342.370136 478.564776
341.639145 481.281959 1.041317 339.913005 482.292127 343.365285 480.271790
342.643436 482.991314 1.037858 340.920800 484.007447 344.366072 481.975182
343.653753 484.697116 1.034260 341.934784 485.719439 345.372722 483.674792
344.670318 486.399200 1.030523 342.955182 487.427941 346.385454 485.370459
345.693356 488.097402 1.026646 343.982221 489.132784 347.404491 487.062020
346.723087 489.791554 1.022630 345.016124 490.833799 348.430051 488.749308
347.759732 491.481484 1.018475 346.057114 492.530813 349.462350 490.432154
348.803507 493.167019 1.014180 347.105412 494.223651 350.501603 492.110386
349.854629 494.847982 1.009746 348.161235 495.912133 351.548022 493.783831
354.640156 502.394975 1.005173 352.951647 503.466860 356.328665 501.323090
355.315622 503.469131 1.013694 353.618041 504.526588 357.013204 502.411673
355.981980 504.548960 1.022087 354.275584 505.592133 357.688377 503.505788
356.639322 505.634303 1.030351 354.924363 506.663338 358.354282 504.605267
357.287743 506.724998 1.038486 355.564469 507.740048 359.011017 505.709948
357.927339 507.820892 1.046493 356.195994 508.822112 359.658685 506.819672
358.558212 508.921831 1.054371 356.819033 509.909381 360.297391 507.934281
359.180464 510.027665 1.062120 357.433684 511.001709 360.927243 509.053622
359.794199 511.138249 1.069740 358.040048 512.098953 361.548350 510.177544
360.399525 512.253438 1.077232 358.638226 513.200975 362.160825 511.305902
360.996553 513.373093 1.084594 359.228325 514.307636 362.764781 512.438550
361.585393 514.497075 1.091828 359.810451 515.418802 363.360335 513.575348
362.166159 515.625250 1.098934 360.384713 516.534342 363.947605 514.716157
362.738968 516.757486 1.105910 360.951223 517.654128 364.526713 515.860843
363.303937 517.893654 1.112758 361.510094 518.778034 365.097780 517.009275
363.861186 519.033629 1.119477 362.061441 519.905936 365.660931 518.161322
364.410837 520.177287 1.126067 362.605383 521.037714 366.216291 519.316859
364.953013 521.324507 1.132528 363.142037 522.173251 366.763989 520.475763
365.487839 522.475172 1.138861 363.671525 523.312431 367.304154 521.637914
366.015442 523.629167 1.145065 364.193969 524.455142 367.836916 522.803193
366.535951 524.786380 1.151140 364.709493 525.601274 368.362408 523.971487
367.049494 525.946701 1.157086 365.218222 526.750719 368.880765 525.142682
367.556203 527.110022 1.162904 365.720285 527.903373 369.392121 526.316671
368.056211 528.276239 1.168593 366.215810 529.059133 369.896613 527.493345
368.549652 529.445250 1.174153 366.704927 530.217899 370.394378 528.672601
369.036662 530.616955 1.179584 367.187767 531.379574 370.885557 529.854337
369.517375 531.791257 1.184887 367.664462 532.544062 371.370288 531.038453
369.991931 532.968062 1.190060 368.135148 533.711269 371.848714 532.224854
370.460468 534.147275 1.195106 368.599959 534.881106 372.320977 533.413445
370.923126 535.328808 1.200022 369.059032 536.053483 372.787220 534.604133
371.380046 536.512571 1.204809 369.512504 537.228314 373.247588 535.796829
371.831370 537.698480 1.209468 369.960514 538.405514 373.702226 536.991446
372.277240 538.886449 1.213998 370.403201 539.585001 374.151280 538.187898
372.717802 540.076398 1.218399 370.840705 540.766695 374.594898 539.386101
373.153198 541.268247 1.222672 371.273170 541.950518 375.033226 540.585976
373.583575 542.461917 1.226815 371.700736 543.136392 375.466414 541.787442
374.009079 543.657333 1.230830 372.123547 544.324242 375.894611 542.990423
374.429858 544.854420 1.234717 372.541748 545.513997 376.317967 544.194843
374.846058 546.053107 1.238474 372.955483 546.705585 376.736633 545.400629
375.257829 547.253323 1.242103 373.364899 547.898937 377.150758 546.607709
375.665319 548.454999 1.245603 373.770141 549.093984 377.560497 547.816014
376.068678 549.658068 1.248974 374.171357 550.290660 377.965999 549.025476
376.468057 550.862464 1.252216 374.568695 551.488901 378.367419 550.236027
376.863607 552.068123 1.255330 374.962303 552.688643 378.764910 551.447603
377.255478 553.274983 1.258315 375.352331 553.889825 379.158625 552.660141
377.643823 554.482982 1.261171 375.738927 555.092387 379.548718 553.873578
378.028794 555.692061 1.263898 376.122243 556.296268 379.935344 555.087855
378.410544 556.902161 1.266497 376.502430 557.501411 380.318658 556.302911
378.789226 558.113224 1.268966 376.879638 558.707760 380.698814 557.518688
379.164994 559.325195 1.271308 377.254019 559.915258 381.075969 558.735131
379.538002 560.538018 1.273520 377.625726 561.123852 381.450277 559.952183
379.908403 561.751639 1.275603 377.994911 562.333488 381.821896 561.169790
380.276354 562.966006 1.277558 378.361728 563.544113 382.190980 562.387898
380.642008 564.181066 1.279384 378.726330 564.755676 382.557687 563.606456
381.005522 565.396769 1.281081 379.088871 565.968127 382.922172 564.825410
381.367049 566.613063 1.282650 379.449505 567.181414 383.284594 566.044712
381.726747 567.829900 1.284090 379.808387 568.395490 383.645108 567.264310
382.084771 569.047231 1.285401 380.165671 569.610305 384.003872 568.484156
382.441278 570.265007 1.286583 380.521513 570.825812 384.361042 569.704201
382.796422 571.483180 1.287636 380.876068 572.041963 384.716777 570.924398
383.150362 572.701705 1.288561 381.229492 573.258711 385.071233 572.144698
383.503253 573.920533 1.289357 381.581940 574.476011 385.424567 573.365055
383.855253 575.139619 1.290024 381.933570 575.693815 385.776936 574.585423
384.206518 576.358917 1.290562 382.284536 576.912079 386.128499 575.805756
384.557204 577.578382 1.290972 382.634996 578.130756 386.479412 577.026008
384.907470 578.797968 1.291253 382.985107 579.349801 386.829833 578.246134
385.257472 580.017629 1.291405 383.335025 580.569170 387.179919 579.466088
385.607366 581.237321 1.291428 383.684906 581.788818 387.529826 580.685825
385.957311 582.456999 1.291323 384.034909 583.008698 387.879713 581.905300
386.307463 583.676617 1.291089 384.385190 584.228766 388.229735 583.124468
386.657979 584.896131 1.290726 384.735907 585.448978 388.580050 584.343284
387.009015 586.115495 1.290234 385.087216 586.669287 388.930815 585.561703
387.360730 587.334663 1.289614 385.439275 587.889647 389.282186 586.779679
387.713280 588.553590 1.288864 385.792241 589.110014 389.634320 587.997167
388.066822 589.772230 1.287986 386.146271 590.330340 389.987372 589.214120
388.421511 590.990536 1.286980 386.501524 591.550580 390.341499 590.430493
388.777506 592.208462 1.285844 386.858155 592.770685 390.696856 591.646239
389.134961 593.425960 1.284580 387.216323 593.990609 391.053599 592.861310
389.494034 594.642981 1.283187 387.576184 595.210303 391.411883 594.075660
389.854880 595.859478 1.281665 387.937896 596.429717 391.771864 595.289239
390.217655 597.075401 1.280015 388.301615 597.648804 392.133695 596.501999
390.582515 598.290700 1.278235 388.667498 598.867511 392.497532 597.713889
390.949615 599.505325 1.276327 389.035702 600.085788 392.863528 598.924861
391.319110 600.719222 1.274290 389.406384 601.303583 393.231836 600.134861
391.691155 601.932341 1.272125 389.779698 602.520843 393.602611 601.343839
392.065904 603.144627 1.269830 390.155803 603.737513 393.976005 602.551741
392.443511 604.356026 1.267407 390.534852 604.953538 394.352170 603.758514
392.824131 605.566482 1.264855 390.917003 606.168863 394.731259 604.964100
393.207916 606.775937 1.262175 391.302410 607.383429 395.113422 606.168446
393.595020 607.984335 1.259365 391.691228 608.597177 395.498812 607.371493
393.985595 609.191615 1.256427 392.083611 609.810048 395.887578 608.573182
394.379793 610.397717 1.253360 392.479715 611.021980 396.279870 609.773453
394.777765 611.602578 1.250165 392.879692 612.232911 396.675838 610.972246
395.179664 612.806136 1.246840 393.283697 613.442775 397.075631 612.169497
395.585638 614.008325 1.243387 393.691881 614.651507 397.479396 613.365143
395.995839 615.209078 1.239805 394.104398 615.859040 397.887281 614.559117
396.410416 616.408328 1.236094 394.521399 617.065303 398.299432 615.751352
396.829517 617.606004 1.232255 394.943037 618.270227 398.715997 616.941780
397.253290 618.802034 1.228286 395.369461 619.473739 399.137119 618.130330
397.681883 619.996346 1.224189 395.800821 620.675763 399.562945 619.316929
398.115442 621.188864 1.219964 396.237269 621.876224 399.993616 620.501504
401.328519 629.968437 1.219964 399.450345 630.655797 403.206693 629.281078
401.844979 631.354158 1.208150 399.975057 632.063657 403.714902 630.644659
402.377651 632.733729 1.196515 400.516110 633.464936 404.239192 632.002522
402.926215 634.107059 1.185059 401.073173 634.859544 404.779257 633.354573
403.490354 635.474064 1.173780 401.645916 636.247400 405.334792 634.700728
404.069754 636.834672 1.162681 402.234013 637.628432 405.905494 636.040911
404.664098 638.188818 1.151760 402.837136 639.002579 406.491061 637.375056
405.273076 639.536447 1.141017 403.454961 640.369788 407.091191 638.703107
405.896376 640.877513 1.130453 404.087165 641.730014 407.705586 640.025012
406.533689 642.211976 1.120067 404.733430 643.083220 408.333948 641.340731
407.184709 643.539806 1.109859 405.393436 644.429381 408.975981 642.650232
407.849130 644.860982 1.099831 406.066869 645.768476 409.631391 643.953488
408.526651 646.175489 1.089980 406.753415 647.100495 410.299886 645.250483
409.216970 647.483320 1.080308 407.452764 648.425433 410.981176 646.541207
409.919790 648.784476 1.070815 408.164607 649.743295 411.674972 647.825658
410.634815 650.078966 1.061500 408.888639 651.054092 412.380990 649.103839
411.361752 651.366804 1.052363 409.624559 652.357843 413.098945 650.375764
412.100311 652.648012 1.043405 410.372065 653.654574 413.828557 651.641451
412.850204 653.922621 1.034626 411.130861 654.944316 414.569546 652.900925
413.611145 655.190665 1.026025 411.900654 656.227110 415.321636 654.154219
414.382852 656.452185 1.017602 412.681151 657.503001 416.084553 655.401370
415.165045 657.707232 1.009358 413.472065 658.772041 416.858025 656.642423
415.957446 658.955858 1.001292 414.273110 660.034288 417.641783 657.877429
416.759783 660.198124 0.993405 415.084004 661.289805 418.435561 659.106443
417.571782 661.434096 0.985696 415.904469 662.538662 419.239095 660.329530
418.393175 662.663845 0.978165 416.734227 663.780935 420.052123 661.546755
419.223696 663.887448 0.970814 417.573005 665.016704 420.874387 662.758192
420.063082 665.104987 0.963640 418.420534 666.246056 421.705629 663.963919
420.911072 666.316550 0.956645 419.276546 667.469080 422.545597 665.164020
421.767408 667.522228 0.949829 420.140776 668.685872 423.394040 666.358583
422.631836 668.722118 0.943191 421.012964 669.896534 424.250708 667.547701
423.504103 669.916321 0.936731 421.892852 671.101170 425.115355 668.731472
424.383960 671.104944 0.930450 422.780183 672.299890 425.987738 669.909998
425.271161 672.288096 0.924348 423.674705 673.492807 426.867616 671.083385
426.165459 673.465892 0.918423 424.576168 674.680039 427.754750 672.251744
427.066615 674.638449 0.912678 425.484327 675.861708 428.648904 673.415190
427.974389 675.805891 0.907110 426.398935 677.037940 429.549843 674.573842
428.888545 676.968343 0.901722 427.319753 678.208863 430.457337 675.727822
429.808848 678.125934 0.896511 428.246541 679.374611 431.371156 676.877256
430.735068 679.278796 0.891480 429.179063 680.535319 432.291072 678.022273
431.666974 680.427067 0.886626 430.117086 681.691127 433.216862 679.163007
432.604340 681.570885 0.881951 431.060379 682.842177 434.148302 680.299594
433.546942 682.710393 0.877455 432.008712 683.988615 435.085172 681.432172
434.494557 683.845736 0.873137 432.961861 685.130587 436.027252 682.560885
435.446964 684.977061 0.868998 433.919599 686.268246 436.974328 683.685876
436.403945 686.104520 0.865036 434.881707 687.401745 437.926183 684.807295
437.365285 687.228265 0.861254 435.847965 688.531239 438.882605 685.925292
438.330768 688.348452 0.857650 436.818154 689.656886 439.843383 687.040019
439.300183 689.465239 0.854224 437.792060 690.778846 440.808307 688.151631
440.273319 690.578785 0.850977 438.769469 691.897282 441.777169 689.260287
441.249966 691.689252 0.847908 439.750170 693.012358 442.749763 690.366146
442.229918 692.796805 0.845018 440.733952 694.124240 443.725884 691.469369
443.212968 693.901608 0.842306 441.720607 695.233096 444.705329 692.570121
444.198912 695.003830 0.839773 442.709929 696.339094 445.687895 693.668566
445.187547 696.103639 0.837418 443.701713 697.442405 446.673382 694.764873
446.178672 697.201205 0.835242 444.695754 698.543202 447.661589 695.859208
447.172085 698.296700 0.833244 445.691851 699.641657 448.652318 696.951743
448.167587 699.390297 0.831424 446.689803 700.737945 449.645371 698.042649
449.164980 700.482170 0.829783 447.689409 701.832241 450.640550 699.132099
450.164065 701.572494 0.828321 448.690471 702.924722 451.637660 700.220267
451.164648 702.661445 0.827037 449.692791 704.015564 452.636505 701.307327
452.166531 703.749200 0.825931 450.696172 705.104945 453.636889 702.393455
453.169518 704.835936 0.825004 451.700417 706.193044 454.638620 703.478828
454.173416 705.921831 0.824256 452.705331 707.280038 455.641501 704.563624
455.178030 707.007064 0.823685 453.710720 708.366108 456.645340 705.648020
456.183166 708.091814 0.823294 454.716388 709.451433 457.649944 706.732195
457.188629 709.176260 0.823080 455.722142 710.536191 458.655117 707.816328
458.194228 710.260581 0.823046 456.727787 711.620563 459.660668 708.900598
459.199767 711.344956 0.823189 457.733131 712.704728 460.666403 709.985185
460.205053 712.429566 0.823512 458.737980 713.788865 461.672127 711.070267
461.209894 713.514589 0.824012 459.742140 714.873154 462.677648 712.156025
462.214094 714.600205 0.824691 460.745417 715.957773 463.682770 713.242638
463.217460 715.686592 0.825549 461.747619 717.042900 464.687300 714.330285
464.219796 716.773929 0.826585 462.748552 718.128713 465.691041 715.419145
465.220909 717.862392 0.827799 463.748020 719.215389 466.693797 716.509396
466.220601 718.952160 0.829192 464.745829 720.303104 467.695373 717.601217
467.218678 720.043409 0.830764 465.741785 721.392033 468.695571 718.694785
468.214940 721.136313 0.832513 466.735690 722.482351 469.694191 719.790275
469.209191 722.231048 0.834442 467.727348 723.574230 470.691035 720.887865
470.201231 723.327786 0.836549 468.716561 724.667844 471.685902 721.987728
471.190861 724.426700 0.838834 469.703132 725.763362 472.678589 723.090039
472.177878 725.527961 0.841298 470.686861 726.860953 473.668895 724.194969
473.162080 726.631738 0.843940 471.667546 727.960786 474.656614 725.302691
474.143264 727.738200 0.846760 472.644987 729.063027 475.641541 726.413373
475.121224 728.847511 0.849760 473.618981 730.167839 476.623468 727.527184
476.095753 729.959838 0.852937 474.589322 731.275385 477.602185 728.644291
477.066644 731.075342 0.856293 475.555806 732.385826 478.577482 729.764858
478.033685 732.194185 0.859828 476.518224 733.499321 479.549145 730.889049
478.996665 733.316524 0.863541 477.476369 734.616024 480.516961 732.017024
479.955371 734.442517 0.867432 478.430030 735.736091 481.480713 733.148943
480.909587 735.572317 0.871502 479.378994 736.859672 482.440181 734.284962
481.859096 736.706076 0.875751 480.323047 737.986917 483.395145 735.425235
482.803678 737.843943 0.880177 481.261974 739.117972 484.345382 736.569914
483.743112 738.986064 0.884783 482.195557 740.252979 485.290667 737.719149
484.677173 740.132582 0.889567 483.123576 741.392080 486.230771 738.873085
485.605637 741.283639 0.894529 484.045808 742.535412 487.165465 740.031866
486.528273 742.439371 0.899670 484.962031 743.683108 488.094516 741.195633
487.444853 743.599912 0.904989 485.872017 744.835301 489.017690 742.364523
488.355143 744.765393 0.910486 486.775539 745.992117 489.934747 743.538670
489.258907 745.935942 0.916162 487.672365 747.153680 490.845449 744.718204
490.155907 747.111682 0.922017 488.562263 748.320110 491.749551 745.903254
498.383464 757.961985 0.922017 496.789820 759.170413 499.977108 756.753556
499.558117 759.521019 0.928150 497.957092 760.719650 501.159142 758.322387
500.723259 761.087174 0.934191 499.115022 762.276113 502.331495 759.898235
501.878992 762.660285 0.940139 500.263712 763.839637 503.494272 761.480933
503.025421 764.240190 0.945994 501.403264 765.410064 504.647579 763.070315
504.162654 765.826727 0.951756 502.533783 766.987234 505.791526 764.666220
505.290800 767.419739 0.957426 503.655375 768.570992 506.926225 766.268486
506.409969 769.019070 0.963003 504.768149 770.161184 508.051790 767.876955
507.520276 770.624566 0.968488 505.872217 771.757659 509.168336 769.491473
508.621836 772.236076 0.973879 506.967691 773.360267 510.275981 771.111886
509.714766 773.853452 0.979178 508.054687 774.968862 511.374845 772.738043
510.799186 775.476547 0.984385 509.133322 776.583298 512.465049 774.369795
511.875215 777.105215 0.989498 510.203714 778.203433 513.546717 776.006997
512.942978 778.739315 0.994519 511.265984 779.829127 514.619973 777.649503
514.002599 780.378707 0.999448 512.320254 781.460241 515.684944 779.297173
515.054204 782.023252 1.004283 513.366649 783.096638 516.741759 780.949866
516.097921 783.672815 1.009026 514.405293 784.738185 517.790548 782.607445
517.133878 785.327262 1.013677 515.436315 786.384749 518.831442 784.269775
518.162208 786.986461 1.018234 516.459843 788.036200 519.864573 785.936721
519.183043 788.650282 1.022699 517.476007 789.692410 520.890078 787.608154
520.196515 790.318597 1.027071 518.484940 791.353252 521.908091 789.283942
521.202762 791.991281 1.031351 519.486774 793.018602 522.918749 790.963961
522.201918 793.668210 1.035538 520.481645 794.688337 523.922192 792.648083
523.194123 795.349261 1.039632 521.469687 796.362336 524.918559 794.336186
524.179515 797.034315 1.043633 522.451039 798.040482 525.907991 796.028148
525.158235 798.723253 1.047542 523.425839 799.722656 526.890630 797.723851
526.130424 800.415959 1.051358 524.394227 801.408744 527.866620 799.423175
527.096225 802.112318 1.055082 525.356343 803.098631 528.836106 801.126005
528.055781 803.812217 1.058713 526.312331 804.792207 529.799232 802.832228
529.009239 805.515545 1.062251 527.262332 806.489359 530.756146 804.541730
529.956743 807.222191 1.065696 528.206491 808.189981 531.706995 806.254401
530.898441 808.932048 1.069049 529.144954 809.893965 532.651927 807.970131
531.834480 810.645009 1.072309 530.077866 811.601205 533.591093 809.688814
532.765009 812.360970 1.075476 531.005376 813.311597 534.524642 811.410344
533.690178 814.079827 1.078551 531.927631 815.025039 535.452726 813.134615
534.610138 815.801477 1.081533 532.844780 816.741429 536.375497 814.861526
535.525040 817.525821 1.084422 533.756973 818.460668 537.293107 816.590974
536.435036 819.252759 1.087219 534.664361 820.182658 538.205710 818.322860
537.340278 820.982193 1.089923 535.567096 821.907301 539.113461 820.057086
538.240922 822.714027 1.092534 536.465330 823.634501 540.016514 821.793553
539.137120 824.448165 1.095053 537.359216 825.364165 540.915025 823.532166
540.029029 826.184514 1.097479 538.248907 827.096198 541.809151 825.272830
540.916803 827.922980 1.099812 539.134559 828.830508 542.699047 827.015452
541.800600 829.663472 1.102052 540.016327 830.567004 543.584873 828.759940
542.680575 831.405899 1.104200 540.894366 832.305597 544.466784 830.506201
543.556887 833.150171 1.106255 541.768832 834.046196 545.344941 832.254146
544.429693 834.896200 1.108218 542.639883 835.788714 546.219502 834.003686
545.299152 836.643899 1.110088 543.507676 837.533065 547.090627 835.754733
546.165422 838.393180 1.111865 544.372369 839.279161 547.958475 837.507199
547.028664 840.143957 1.113549 545.234121 841.026917 548.823206 839.260998
547.889036 841.896147 1.115141 546.093090 842.776249 549.684982 841.016045
548.746700 843.649664 1.116640 546.949437 844.527072 550.543963 842.772255
549.601815 845.404425 1.118046 547.803320 846.279305 551.400310 844.529545
550.454543 847.160347 1.119360 548.654900 848.032864 552.254186 846.287831
551.305045 848.917349 1.120581 549.504338 849.787668 553.105752 848.047030
552.153482 850.675349 1.121709 550.351795 851.543635 553.955170 849.807063
553.000017 852.434265 1.122745 551.197431 853.300685 554.802603 851.567846
553.844811 854.194019 1.123688 552.041409 855.058738 555.648214 853.329299
554.688027 855.954529 1.124538 552.883890 856.817715 556.492164 855.091343
555.529828 857.715716 1.125296 553.725037 858.577535 557.334618 856.853897
556.370375 859.477502 1.125961 554.565012 860.338121 558.175738 858.616883
557.209833 861.239807 1.126533 555.403978 862.099393 559.015688 860.380222
558.048364 863.002554 1.127013 556.242096 863.861273 559.854631 862.143835
558.886131 864.765664 1.127400 557.079531 865.623684 560.692730 863.907643
559.723297 866.529059 1.127694 557.916445 867.386548 561.530149 865.671570
560.560026 868.292661 1.127895 558.753002 869.149786 562.367051 867.435536
561.396482 870.056393 1.128004 559.589364 870.913321 563.203600 869.199465
562.232828 871.820178 1.128020 560.425696 872.677077 564.039959 870.963279
563.069226 873.583937 1.127944 561.262160 874.440974 564.876292 872.726900
563.905842 875.347593 1.127775 562.098921 876.204936 565.712763 874.490250
564.742837 877.111069 1.127513 562.936141 877.968886 566.549534 876.253253
565.580376 878.874287 1.127158 563.773984 879.732744 567.386768 878.015831
566.418622 880.637169 1.126711 564.612615 881.496434 568.224630 879.777905
567.257738 882.399637 1.126171 565.452195 883.259877 569.063282 881.539398
568.097888 884.161613 1.125538 566.292889 885.022995 569.902887 883.300232
568.939233 885.923018 1.124813 567.134859 886.785709 570.743607 885.060328
569.781937 887.683773 1.123995 567.978270 888.547940 571.585605 886.819607
570.626163 889.443799 1.123084 568.823283 890.309608 572.429043 888.577991
571.472073 891.203017 1.122081 569.670063 892.070634 573.274083 890.335400
572.319829 892.961345 1.120985 570.518771 893.830937 574.120887 892.091754
573.169593 894.718704 1.119796 571.369570 895.590436 574.969616 893.846972
574.021527 896.475012 1.118515 572.222622 897.349050 575.820432 895.600974
574.875792 898.230187 1.117141 573.078090 899.106696 576.673494 897.353678
575.732549 899.984147 1.115674 573.936135 900.863292 577.528964 899.105002
576.591960 901.736809 1.114114 574.796918 902.618754 578.387001 900.854864
577.454183 903.488088 1.112462 575.660601 904.372997 579.247765 902.603178
578.319380 905.237900 1.110717 576.527345 906.125938 580.111415 904.349862
579.187710 906.986160 1.108880 577.397309 907.877489 580.978110 906.094831
580.059331 908.732781 1.106950 578.270655 909.627564 581.848007 907.837997
580.934403 910.477675 1.104927 579.147540 911.376075 582.721266 909.579276
581.813084 912.220755 1.102811 580.028126 913.122933 583.598042 911.318577
582.695531 913.961932 1.100603 580.912569 914.868049 584.478492 913.055814
583.581901 915.701114 1.098302 581.801029 916.611331 585.362773 914.790897
584.472351 917.438211 1.095909 582.693663 918.352688 586.251039 916.523734
585.367037 919.173130 1.093422 583.590628 920.092027 587.143446 918.254233
586.266114 920.905778 1.090843 584.492081 921.829253 588.040147 919.982303
587.169737 922.636059 1.088172 585.398177 923.564270 588.941296 921.707848
588.078059 924.363878 1.085407 586.309072 925.296983 589.847046 923.430773
588.991233 926.089137 1.082550 587.224919 927.027292 590.757547 925.150982
589.909413 927.811737 1.079601 588.145874 928.755098 591.672952 926.868376
596.535640 940.115119 1.076558 594.774980 941.063841 598.296301 939.166397
597.091786 941.137844 1.068930 595.338413 942.099968 598.845159 940.175719
597.655658 942.156329 1.061418 595.909562 943.131598 599.401753 941.181059
598.227107 943.170582 1.054020 596.488273 944.158741 599.965940 942.182423
598.805985 944.180614 1.046738 597.074393 945.181409 600.537576 943.179819
599.392144 945.186437 1.039571 597.667770 946.199617 601.116519 944.173258
599.985440 946.188068 1.032520 598.268253 947.213382 601.702627 945.162754
600.585726 947.185525 1.025584 598.875692 948.222725 602.295760 946.148325
601.192859 948.178830 1.018763 599.489940 949.227670 602.895779 947.129990
601.806697 949.168005 1.012057 600.110849 950.228241 603.502545 948.107769
602.427097 950.153078 1.005466 600.738273 951.224467 604.115921 949.081689
603.053919 951.134077 0.998991 601.372068 952.216379 604.735770 950.051775
603.687024 952.111033 0.992631 602.012091 953.204010 605.361958 951.018056
604.326274 953.083980 0.986386 602.658198 954.187395 605.994349 951.980565
604.971531 954.052953 0.980257 603.310250 955.166571 606.632812 952.939334
605.622660 955.017990 0.974243 603.968106 956.141580 607.277213 953.894400
606.279525 955.979132 0.968344 604.631629 957.112462 607.927421 954.845802
606.941994 956.936421 0.962560 605.300680 958.079263 608.583308 955.793578
607.609933 957.889900 0.956891 605.975123 959.042028 609.244742 956.737773
608.283211 958.839617 0.951338 606.654825 960.000805 609.911598 957.678429
608.961699 959.785620 0.945900 607.339651 960.955646 610.583747 958.615594
609.645266 960.727958 0.940578 608.029469 961.906601 611.261064 959.549316
610.333786 961.666685 0.935370 608.724148 962.853726 611.943424 960.479644
611.027130 962.601854 0.930278 609.423558 963.797075 612.630703 961.406632
611.725174 963.533520 0.925301 610.127570 964.736707 613.322778 962.330332
612.427792 964.461741 0.920440 610.836057 965.672681 614.019528 963.250800
613.134862 965.386576 0.915693 611.548891 966.605057 614.720833 964.168094
613.846260 966.308086 0.911062 612.265949 967.533899 615.426571 965.082272
614.561865 967.226332 0.906547 612.987106 968.459269 616.136624 965.993395
615.281557 968.141379 0.902146 613.712239 969.381234 616.850875 966.901524
616.005216 969.053292 0.897861 614.441225 970.299861 617.569206 967.806724
616.732723 969.962138 0.893691 615.173944 971.215218 618.291502 968.709059
617.463962 970.867984 0.889636 615.910277 972.127374 619.017648 969.608595
618.198816 971.770900 0.885697 616.650105 973.036401 619.747528 970.505400
618.937170 972.670957 0.881872 617.393309 973.942371 620.481031 971.399543
619.678908 973.568227 0.878163 618.139774 974.845358 621.218043 972.291095
620.423918 974.462782 0.874570 618.889383 975.745436 621.958453 973.180127
621.172086 975.354697 0.871091 619.642022 976.642681 622.702150 974.066713
621.923301 976.244047 0.867728 620.397577 977.537170 623.449025 974.950925
622.677452 977.130910 0.864480 621.155936 978.428981 624.198968 975.832839
623.434428 978.015362 0.861347 621.916986 979.318194 624.951870 976.712531
624.194121 978.897482 0.858330 622.680617 980.204887 625.707624 977.590078
624.956420 979.777350 0.855428 623.446717 981.089141 626.466124 978.465559
625.721220 980.655046 0.852641 624.215178 981.971040 627.227262 979.339053
626.488412 981.530652 0.849969 624.985892 982.850664 627.990933 980.210640
627.257891 982.404249 0.847413 625.758750 983.728098 628.757032 981.080400
628.029550 983.275921 0.844972 626.533645 984.603425 629.525455 981.948416
628.803284 984.145751 0.842646 627.310470 985.476731 630.296098 982.814771
629.578989 985.013824 0.840436 628.089122 986.348100 631.068857 983.679547
630.356562 985.880225 0.838340 628.869493 987.217620 631.843630 984.542829
631.135898 986.745039 0.836360 629.651480 988.085376 632.620316 985.404702
631.916895 987.608354 0.834496 630.434979 988.951457 633.398811 986.265251
632.699451 988.470256 0.832746 631.219888 989.815950 634.179015 987.124563
633.483465 989.330833 0.831112 632.006102 990.678943 634.960827 987.982723
634.268834 990.190173 0.829593 632.793521 991.540525 635.744147 988.839821
635.055458 991.048364 0.828189 633.582042 992.400786 636.528874 989.695942
635.843236 991.905495 0.826901 634.371564 993.259815 637.314909 990.551176
636.632069 992.761657 0.825728 635.161987 994.117701 638.102152 991.405612
637.421857 993.616938 0.824670 635.953210 994.974537 638.890504 992.259338
638.212500 994.471428 0.823727 636.745133 995.830411 639.679866 993.112445
639.003898 995.325218 0.822900 637.537657 996.685415 640.470140 993.965021
639.795954 996.178399 0.822187 638.330681 997.539639 641.261227 994.817158
640.588568 997.031061 0.821591 639.124108 998.393176 642.053028 995.668946
641.381642 997.883296 0.821109 639.917838 999.246116 642.845445 996.520476
642.175076 998.735194 0.820743 640.711772 1000.098550 643.638381 997.371838
642.968774 999.586848 0.820491 641.505812 1000.950571 644.431736 998.223124
643.762637 1000.438347 0.820356 642.299860 1001.802270 645.225414 999.074425
644.556566 1001.289785 0.820335 643.093817 1002.653738 646.019315 999.925833
645.350464 1002.141252 0.820430 643.887586 1003.505066 646.813342 1000.777439
646.144231 1002.992840 0.820640 644.681067 1004.356347 647.607396 1001.629334
646.937771 1003.844641 0.820965 645.474164 1005.207672 648.401379 1002.481610
647.730985 1004.696745 0.821405 646.266777 1006.059131 649.195193 1003.334359
648.523774 1005.549244 0.821961 647.058810 1006.910816 649.988739 1004.187672
649.316041 1006.402230 0.822632 647.850162 1007.762818 650.781919 1005.041641
650.107685 1007.255792 0.823419 648.640738 1008.615228 651.574633 1005.896357
650.898609 1008.110022 0.824320 649.430436 1009.468135 652.366781 1006.751910
651.688713 1008.965011 0.825337 650.219160 1010.321630 653.158266 1007.608392
652.477898 1009.820847 0.826469 651.006811 1011.175802 653.948985 1008.465893
653.266064 1010.677622 0.827716 651.793288 1012.030741 654.738841 1009.324504
654.053112 1011.535425 0.829079 652.578493 1012.886536 655.527731 1010.184315
654.838940 1012.394345 0.830557 653.362326 1013.743275 656.315554 1011.045415
655.623449 1013.254470 0.832150 654.144688 1014.601046 657.102210 1011.907895
656.406537 1014.115890 0.833858 654.925477 1015.459937 657.887596 1012.771842
657.188102 1014.978690 0.835682 655.704594 1016.320035 658.671610 1013.637346
657.968043 1015.842960 0.837621 656.481937 1017.181425 659.454148 1014.504495
658.746256 1016.708785 0.839675 657.257404 1018.044195 660.235108 1015.373375
659.522639 1017.576251 0.841844 658.030894 1018.908428 661.014385 1016.244075
660.297089 1018.445445 0.844129 658.802304 1019.774210 661.791874 1017.116680
661.069501 1019.316450 0.846529 659.571530 1020.641623 662.567471 1017.991276
661.839769 1020.189350 0.849044 660.338471 1021.510752 663.341067 1018.867948
662.607789 1021.064230 0.851675 661.103020 1022.381678 664.112558 1019.746781
663.373455 1021.941170 0.854420 661.865074 1023.254482 664.881836 1020.627859
664.136659 1022.820254 0.857281 662.624527 1024.129245 665.648791 1021.511263
664.897294 1023.701561 0.860258 663.381273 1025.006046 666.413315 1022.397077
665.655252 1024.585173 0.863349 664.135205 1025.884964 667.175299 1023.285381
666.410424 1025.471166 0.866556 664.886216 1026.766076 667.934631 1024.176256
667.162699 1026.359620 0.869878 665.634198 1027.649460 668.691199 1025.069780
667.911967 1027.250611 0.873315 666.379042 1028.535190 669.444892 1025.966033
668.658117 1028.144216 0.876868 667.120638 1029.423340 670.195595 1026.865092
669.401035 1029.040508 0.880536 667.858875 1030.313985 670.943195 1027.767032
681.526161 1043.834020 0.884319 679.979194 1045.101653 683.073128 1042.566387
682.765998 1045.364393 0.895443 681.205025 1046.614739 684.326970 1044.114048
683.988863 1046.908362 0.906400 682.414284 1048.141529 685.563441 1045.675194
685.194869 1048.465534 0.917189 683.607079 1049.681643 686.782660 1047.249425
686.384138 1050.035528 0.927809 684.783522 1051.234705 687.984755 1048.836350
687.556800 1051.617964 0.938261 685.943737 1052.800347 689.169863 1050.435582
688.712991 1053.212475 0.948546 687.087854 1054.378205 690.338129 1052.046744
689.852859 1054.818696 0.958662 688.216012 1055.967927 691.489706 1053.669464
690.976555 1056.436271 0.968610 689.328356 1057.569162 692.624754 1055.303380
692.084241 1058.064852 0.978390 690.425042 1059.181569 693.743441 1056.948135
693.176085 1059.704097 0.988002 691.506228 1060.804815 694.845941 1058.603379
694.252261 1061.353671 0.997446 692.572084 1062.438569 695.932438 1060.268772
695.312950 1063.013245 1.006722 693.622782 1064.082512 697.003118 1061.943978
696.358340 1064.682499 1.015830 694.658503 1065.736328 698.058176 1063.628670
697.388624 1066.361119 1.024770 695.679435 1067.399710 699.097814 1065.322528
698.404003 1068.048797 1.033542 696.685769 1069.072355 700.122237 1067.025238
699.404682 1069.745232 1.042145 697.677706 1070.753970 701.131659 1068.736494
700.390872 1071.450132 1.050581 698.655448 1072.444266 702.126297 1070.455998
701.362790 1073.163208 1.058848 699.619206 1074.142961 703.106374 1072.183455
702.320656 1074.884181 1.066948 700.569194 1075.849780 704.072118 1073.918582
703.264697 1076.612776 1.074879 701.505632 1077.564453 705.023763 1075.661099
704.195145 1078.348727 1.082643 702.428745 1079.286719 705.961546 1077.410735
705.112235 1080.091771 1.090238 703.338761 1081.016320 706.885708 1079.167222
706.016206 1081.841655 1.097665 704.235915 1082.753007 707.796498 1080.930303
706.907304 1083.598130 1.104924 705.120444 1084.496534 708.694164 1082.699726
707.785776 1085.360954 1.112015 705.992590 1086.246665 709.578962 1084.475242
708.651875 1087.129889 1.118938 706.852600 1088.003165 710.451149 1086.256613
709.505855 1088.904707 1.125693 707.700723 1089.765809 711.310988 1088.043605
710.347978 1090.685182 1.132280 708.537213 1091.534376 712.158743 1089.835989
711.178505 1092.471096 1.138699 709.362326 1093.308649 712.994683 1091.633543
711.997702 1094.262235 1.144949 710.176323 1095.088420 713.819080 1093.436051
712.805838 1096.058393 1.151032 710.979468 1096.873483 714.632208 1095.243302
713.603185 1097.859365 1.156947 711.772026 1098.663639 715.434344 1097.055091
714.390018 1099.664956 1.162693 712.554267 1100.458694 716.225769 1098.871218
715.166615 1101.474974 1.168272 713.326465 1102.258459 717.006764 1100.691489
715.933254 1103.289231 1.173682 714.088893 1104.062749 717.777616 1102.515713
716.690220 1105.107546 1.178924 714.841829 1105.871385 718.538612 1104.343708
717.437797 1106.929742 1.183998 715.585553 1107.684192 719.290040 1106.175293
718.176271 1108.755646 1.188905 716.320348 1109.500999 720.032194 1108.010293
718.905932 1110.585090 1.193643 717.046498 1111.321641 720.765365 1109.848538
719.627071 1112.417909 1.198213 717.764291 1113.145955 721.489850 1111.689863
720.339980 1114.253946 1.202615 718.474013 1114.973785 722.205947 1113.534107
721.044955 1116.093044 1.206849 719.175957 1116.804976 722.913953 1115.381111
721.742292 1117.935051 1.210915 719.870415 1118.639378 723.614169 1117.230724
722.432289 1119.779821 1.214812 720.557681 1120.476847 724.306897 1119.082795
723.115246 1121.627209 1.218542 721.238051 1122.317238 724.992440 1120.937180
723.791463 1123.477074 1.222104 721.911822 1124.160413 725.671103 1122.793735
724.461243 1125.329280 1.225497 722.579294 1126.006237 726.343191 1124.652324
725.124889 1127.183693 1.228723 723.240767 1127.854576 727.009011 1126.512810
725.782707 1129.040181 1.231780 723.896542 1129.705300 727.668871 1128.375062
726.435001 1130.898618 1.234669 724.546923 1131.558284 728.323080 1130.238951
727.082080 1132.758876 1.237391 725.192213 1133.413402 728.971947 1132.104351
727.724251 1134.620835 1.239944 725.832719 1135.270534 729.615782 1133.971137
728.361821 1136.484374 1.242329 726.468746 1137.129560 730.254897 1135.839189
728.995103 1138.349376 1.244546 727.100601 1138.990362 730.889604 1137.708389
729.624404 1140.215724 1.246595 727.728593 1140.852827 731.520215 1139.578621
730.250037 1142.083305 1.248476 728.353031 1142.716841 732.147043 1141.449768
730.872313 1143.952007 1.250189 728.974224 1144.582293 732.770401 1143.321721
731.491544 1145.821720 1.251734 729.592484 1146.449073 733.390604 1145.194367
732.108044 1147.692336 1.253111 730.208122 1148.317074 734.007966 1147.067598
732.722124 1149.563747 1.254319 730.821449 1150.186188 734.622800 1148.941307
733.334100 1151.435848 1.255360 731.432778 1152.056311 735.235422 1150.815386
733.944285 1153.308534 1.256233 732.042422 1153.927337 735.846148 1152.689730
734.552992 1155.181700 1.256937 732.650694 1155.799163 736.455291 1154.564236
735.160538 1157.055243 1.257473 733.257909 1157.671686 737.063167 1156.438800
735.767236 1158.929061 1.257842 733.864379 1159.544803 737.670092 1158.313319
736.373401 1160.803051 1.258042 734.470421 1161.418412 738.276380 1160.187691
736.979348 1162.677112 1.258074 735.076349 1163.292412 738.882347 1162.061813
737.585392 1164.551142 1.257938 735.682476 1165.166700 739.488308 1163.935584
738.191849 1166.425038 1.257635 736.289120 1167.041174 740.094577 1165.808902
738.799032 1168.298699 1.257163 736.896594 1168.915733 740.701469 1167.681664
739.407257 1170.172022 1.256523 737.505214 1170.790273 741.309299 1169.553770
740.016838 1172.044904 1.255714 738.115296 1172.664692 741.918380 1171.425115
740.628090 1173.917241 1.254738 738.727154 1174.538886 742.529026 1173.295596
741.241326 1175.788929 1.253594 739.341103 1176.412749 743.141550 1175.165110
741.856862 1177.659863 1.252282 739.957458 1178.286175 743.756265 1177.033550
742.475008 1179.529935 1.250801 740.576535 1180.159058 744.373482 1178.900811
743.096080 1181.399037 1.249153 741.198646 1182.031290 744.993515 1180.766785
743.720389 1183.267061 1.247336 741.824107 1183.902760 745.616672 1182.631363
744.348248 1185.133895 1.245352 742.453230 1185.773356 746.243265 1184.494435
744.979966 1186.999426 1.243199 743.086330 1187.642965 746.873602 1186.355888
745.615856 1188.863540 1.240878 743.723718 1189.511471 747.507994 1188.215609
746.256226 1190.726119 1.238389 744.365707 1191.378757 748.146746 1190.073481
746.901387 1192.587044 1.235733 745.012608 1193.244702 748.790165 1191.929385
747.551645 1194.446193 1.232908 745.664732 1195.109185 749.438559 1193.783202
748.207309 1196.303443 1.229915 746.322389 1196.972080 750.092230 1195.634807
748.868685 1198.158667 1.226754 746.985887 1198.833258 750.751482 1197.484076
749.536077 1200.011735 1.223425 747.655536 1200.692590 751.416619 1199.330879
750.209791 1201.862514 1.219927 748.331642 1202.549942 752.087940 1201.175086
750.890128 1203.710868 1.216262 749.014511 1204.405175 752.765744 1203.016561
751.577390 1205.556658 1.212429 749.704449 1206.258150 753.450332 1204.855166
752.271878 1207.399742 1.208427 750.401759 1208.108723 754.141997 1206.690761
752.973889 1209.239973 1.204258 751.106742 1209.956745 754.841036 1208.523201
753.683722 1211.077202 1.199920 751.819702 1211.802066 755.547742 1210.352337
754.401671 1212.911273 1.195415 752.540935 1213.644528 756.262407 1212.178018
755.128030 1214.742030 1.190741 753.270742 1215.483974 756.985318 1214.000087
755.863091 1216.569311 1.185899 754.009417 1217.320238 757.716765 1215.818383
756.607144 1218.392948 1.180890 754.757255 1219.153153 758.457033 1217.632744
757.360476 1220.212772 1.175712 755.514548 1220.982545 759.206404 1219.442999
758.123373 1222.028606 1.170366 756.281587 1222.808236 759.965160 1221.248976
758.896120 1223.840271 1.164852 757.058660 1224.630045 760.733579 1223.050498
766.241310 1240.929320 1.164852 764.403850 1241.719093 768.078770 1240.139546
766.988311 1242.671979 1.166810 765.149308 1243.458153 768.827314 1241.885805
767.731924 1244.416087 1.168739 765.891408 1245.198712 769.572439 1243.633461
768.472197 1246.161615 1.170638 766.630199 1246.940743 770.314196 1245.382486
769.209180 1247.908534 1.172507 767.365728 1248.684218 771.052632 1247.132850
769.942922 1249.656817 1.174347 768.098046 1250.429108 771.787798 1248.884527
770.673472 1251.406437 1.176157 768.827201 1252.175387 772.519743 1250.637487
771.400879 1253.157366 1.177938 769.553242 1253.923027 773.248516 1252.391705
772.125193 1254.909576 1.179689 770.276218 1255.672001 773.974168 1254.147151
772.846464 1256.663041 1.181411 770.996179 1257.422282 774.696749 1255.903801
773.564741 1258.417735 1.183102 771.713174 1259.173844 775.416308 1257.661626
774.280075 1260.173631 1.184765 772.427253 1260.926661 776.132896 1259.420601
774.992514 1261.930703 1.186397 773.138466 1262.680707 776.846562 1261.180699
775.702110 1263.688925 1.188001 773.846862 1264.435956 777.557358 1262.941895
776.408912 1265.448273 1.189574 774.552491 1266.192383 778.265333 1264.704162
777.112971 1267.208720 1.191118 775.255403 1267.949963 778.970539 1266.467476
777.814337 1268.970241 1.192632 775.955649 1269.708670 779.673026 1268.231811
778.513062 1270.732812 1.194117 776.653279 1271.468481 780.372844 1269.997143
779.209194 1272.496408 1.195572 777.348343 1273.229370 781.070045 1271.763446
779.902786 1274.261005 1.196998 778.040892 1274.991314 781.764680 1273.530697
780.593887 1276.026579 1.198394 778.730975 1276.754288 782.456799 1275.298871
781.282549 1277.793106 1.199760 779.418645 1278.518269 783.146454 1277.067943
781.968824 1279.560562 1.201097 780.103952 1280.283232 783.833696 1278.837891
782.652761 1281.328923 1.202404 780.786946 1282.049156 784.518576 1280.608691
783.334412 1283.098167 1.203682 781.467678 1283.816015 785.201145 1282.380319
784.013828 1284.868271 1.204929 782.146200 1285.583789 785.881456 1284.152753
784.691061 1286.639211 1.206148 782.822563 1287.352452 786.559560 1285.925969
785.366163 1288.410964 1.207337 783.496818 1289.121984 787.235507 1287.699944
786.039183 1290.183509 1.208496 784.169015 1290.892362 787.909351 1289.474657
786.710175 1291.956823 1.209625 784.839208 1292.663563 788.581142 1291.250083
787.379190 1293.730884 1.210725 785.507446 1294.435565 789.250933 1293.026203
788.046279 1295.505670 1.211796 786.173782 1296.208347 789.918775 1294.802993
788.711494 1297.281159 1.212837 786.838266 1297.981887 790.584721 1296.580431
789.374887 1299.057330 1.213848 787.500952 1299.756163 791.248822 1298.358496
790.036510 1300.834161 1.214829 788.161890 1301.531154 791.911130 1300.137167
790.696415 1302.611630 1.215781 788.821132 1303.306839 792.571697 1301.916421
791.354653 1304.389718 1.216704 789.478730 1305.083196 793.230576 1303.696239
792.011278 1306.168402 1.217597 790.134736 1306.860205 793.887819 1305.476598
792.666341 1307.947661 1.218460 790.789203 1308.637845 794.543479 1307.257478
793.319893 1309.727476 1.219293 791.442181 1310.416095 795.197606 1309.038858
793.971989 1311.507826 1.220098 792.093723 1312.194934 795.850254 1310.820718
794.622679 1313.288690 1.220872 792.743881 1313.974343 796.501476 1312.603036
795.272015 1315.070047 1.221617 793.392708 1315.754301 797.151323 1314.385793
795.920052 1316.851878 1.222332 794.040255 1317.534788 797.799848 1316.168969
796.566840 1318.634163 1.223018 794.686576 1319.315783 798.447104 1317.952542
797.212432 1320.416881 1.223674 795.331721 1321.097268 799.093143 1319.736494
797.856881 1322.200012 1.224300 795.975744 1322.879221 799.738018 1321.520804
798.500239 1323.983538 1.224897 796.618697 1324.661623 800.381781 1323.305452
799.142559 1325.767438 1.225464 797.260633 1326.444456 801.024485 1325.090419
799.783893 1327.551692 1.226002 797.901603 1328.227698 801.666183 1326.875686
800.424294 1329.336281 1.226510 798.541661 1330.011331 802.306928 1328.661231
801.063815 1331.121186 1.226989 799.180859 1331.795335 802.946771 1330.447037
801.702508 1332.906388 1.227437 799.819250 1333.579691 803.585767 1332.233084
802.340427 1334.691866 1.227857 800.456886 1335.364380 804.223967 1334.019352
802.977622 1336.477602 1.228246 801.093820 1337.149382 804.861425 1335.805823
803.614149 1338.263578 1.228607 801.730104 1338.934679 805.498193 1337.592476
804.250058 1340.049772 1.228937 802.365792 1340.720251 806.134324 1339.379294
804.885404 1341.836168 1.229238 803.000936 1342.506080 806.769872 1341.166256
805.520239 1343.622745 1.229509 803.635589 1344.292145 807.404888 1342.953345
806.154615 1345.409485 1.229751 804.269804 1346.078430 808.039426 1344.740540
806.788586 1347.196369 1.229963 804.903633 1347.864914 808.673539 1346.527824
807.422204 1348.983378 1.230146 805.537129 1349.651579 809.307279 1348.315177
808.055522 1350.770493 1.230299 806.170345 1351.438406 809.940699 1350.102581
808.688594 1352.557696 1.230422 806.803334 1353.225376 810.573853 1351.890016
809.321471 1354.344967 1.230516 807.436149 1355.012471 811.206793 1353.677464
809.954208 1356.132289 1.230580 808.068843 1356.799671 811.839573 1355.464906
810.586856 1357.919641 1.230614 808.701468 1358.586958 812.472244 1357.252324
811.219469 1359.707006 1.230619 809.334078 1360.374314 813.104860 1359.039698
811.852099 1361.494365 1.230595 809.966725 1362.161719 813.737474 1360.827011
812.484801 1363.281699 1.230540 810.599462 1363.949155 814.370139 1362.614242
813.117625 1365.068989 1.230457 811.232342 1365.736604 815.002908 1364.401374
813.750626 1366.856217 1.230343 811.865419 1367.524045 815.635833 1366.188388
814.383855 1368.643363 1.230200 812.498744 1369.311462 816.268967 1367.975265
815.017367 1370.430410 1.230028 813.132371 1371.098834 816.902363 1369.761986
815.651214 1372.217338 1.229825 813.766353 1372.886143 817.536075 1371.548533
816.285449 1374.004128 1.229594 814.400743 1374.673370 818.170155 1373.334887
816.920124 1375.790762 1.229332 815.035593 1376.460496 818.804655 1375.121028
817.555293 1377.577220 1.229041 815.670957 1378.247503 819.439628 1376.906938
818.191008 1379.363484 1.228721 816.306887 1380.034371 820.075128 1378.692598
818.827322 1381.149535 1.228370 816.943436 1381.821082 820.711207 1380.477989
819.464287 1382.935354 1.227991 817.580657 1383.607616 821.347918 1382.263092
820.101958 1384.720921 1.227581 818.218603 1385.393954 821.985313 1384.047888
820.740386 1386.506217 1.227142 818.857326 1387.180077 822.623445 1385.832357
821.379623 1388.291223 1.226674 819.496880 1388.965965 823.262367 1387.616481
822.019724 1390.075921 1.226175 820.137317 1390.751600 823.902131 1389.400241
822.660740 1391.860289 1.225648 820.778690 1392.536962 824.542790 1391.183616
823.302724 1393.644310 1.225090 821.421051 1394.322032 825.184397 1392.966588
823.945729 1395.427963 1.224503 822.064454 1396.106789 825.827003 1394.749136
824.589806 1397.211229 1.223887 822.708951 1397.891215 826.470662 1396.531242
825.235010 1398.994087 1.223241 823.354594 1399.675289 827.115426 1398.312886
825.881392 1400.776519 1.222565 824.001437 1401.458991 827.761347 1400.094047
826.529004 1402.558504 1.221860 824.649531 1403.242302 828.408478 1401.874707
827.177900 1404.340022 1.221125 825.298929 1405.025201 829.056870 1403.654844
827.828131 1406.121054 1.220360 825.949685 1406.807669 829.706577 1405.434439
828.479750 1407.901578 1.219566 826.601850 1408.589684 830.357650 1407.213471
829.132809 1409.681574 1.218742 827.255476 1410.371227 831.010142 1408.991921
829.787360 1411.461022 1.217889 827.910617 1412.152277 831.664104 1410.769767
830.443456 1413.239901 1.217006 828.567323 1413.932813 832.319589 1412.546990
831.101148 1415.018191 1.216094 829.225649 1415.712814 832.976648 1414.323567
831.760490 1416.795869 1.215151 829.885645 1417.492259 833.635334 1416.099479
834.480859 1424.100623 1.214180 832.606693 1424.798835 836.355026 1423.402412
835.159722 1425.947868 1.223032 833.279449 1426.629463 837.039996 1425.266274
835.822331 1427.801006 1.231750 833.936187 1428.466182 837.708476 1427.135831
836.468883 1429.659807 1.240335 834.577098 1430.308767 838.360668 1429.010848
837.099580 1431.524048 1.248785 835.202378 1432.156998 838.996781 1430.891098
837.714624 1433.393511 1.257102 835.812224 1434.010660 839.617025 1432.776362
838.314225 1435.267985 1.265286 836.406838 1435.869545 840.221612 1434.666424
838.898592 1437.147264 1.273335 836.986425 1437.733451 840.810760 1436.561076
839.467939 1439.031147 1.281251 837.551192 1439.602181 841.384687 1438.460114
840.022483 1440.919442 1.289033 838.101350 1441.475542 841.943616 1440.363342
840.562442 1442.811959 1.296681 838.637111 1443.353349 842.487772 1442.270568
841.088037 1444.708515 1.304196 839.158693 1445.235423 843.017381 1444.181608
841.599493 1446.608933 1.311576 839.666313 1447.121587 843.532674 1446.096280
842.097036 1448.513042 1.318823 840.160192 1449.011672 844.033881 1448.014412
842.580895 1450.420673 1.325937 840.640553 1450.905514 844.521238 1449.935833
843.051300 1452.331667 1.332916 841.107621 1452.802953 844.994980 1451.860381
843.508484 1454.245868 1.339762 841.561624 1454.703837 845.455345 1453.787898
843.952682 1456.163123 1.346474 842.002792 1456.608015 845.902572 1455.718231
844.384129 1458.083288 1.353052 842.431355 1458.515343 846.336904 1457.651233
844.803065 1460.006222 1.359497 842.847547 1460.425683 846.758583 1459.586760
845.209728 1461.931788 1.365807 843.251602 1462.338901 847.167855 1461.524676
845.604361 1463.859857 1.371984 843.643757 1464.254866 847.564965 1463.464847
845.987206 1465.790300 1.378028 844.024250 1466.173454 847.950161 1465.407146
846.358506 1467.722998 1.383937 844.393321 1468.094545 848.323691 1467.351450
846.718509 1469.657832 1.389713 844.751211 1470.018022 848.685807 1469.297641
847.067460 1471.594689 1.395355 845.098161 1471.943775 849.036759 1471.245603
847.405608 1473.533462 1.400863 845.434415 1473.871695 849.376800 1473.195229
847.733201 1475.474047 1.406238 845.760219 1475.801681 849.706182 1475.146413
848.050489 1477.416343 1.411478 846.075818 1477.733632 850.025161 1477.099053
848.357725 1479.360254 1.416585 846.381459 1479.667455 850.333991 1479.053053
848.655159 1481.305690 1.421558 846.677389 1481.603059 850.632928 1481.008321
848.943044 1483.252561 1.426398 846.963859 1483.540356 850.922229 1482.964767
849.221635 1485.200785 1.431104 847.241117 1485.479262 851.202152 1484.922307
849.491185 1487.150280 1.435676 847.509415 1487.419700 851.472955 1486.880860
849.751950 1489.100969 1.440114 847.769003 1489.361591 851.734896 1488.840348
850.004185 1491.052780 1.444418 848.020135 1491.304864 851.988235 1490.800697
850.248147 1493.005643 1.448589 848.263063 1493.249449 852.233231 1492.761836
850.484093 1494.959490 1.452626 848.498041 1495.195281 852.470145 1494.723699
850.712280 1496.914259 1.456529 848.725322 1497.142296 852.699237 1496.686221
850.932966 1498.869888 1.460299 848.945163 1499.090434 852.920768 1498.649342
851.146410 1500.826322 1.463934 849.157818 1501.039639 853.135001 1500.613004
851.352870 1502.783505 1.467436 849.363544 1502.989857 853.342196 1502.577153
851.552606 1504.741385 1.470805 849.562596 1504.941036 853.542616 1504.541735
851.745877 1506.699915 1.474039 849.755232 1506.893128 853.736523 1506.506702
851.932944 1508.659047 1.477140 849.941709 1508.846086 853.924179 1508.472007
852.114066 1510.618737 1.480107 850.122285 1510.799868 854.105847 1510.437606
852.289504 1512.578944 1.482940 850.297218 1512.754431 854.281790 1512.403457
852.459519 1514.539630 1.485639 850.466766 1514.709738 854.452272 1514.369521
852.624372 1516.500756 1.488205 850.631189 1516.665751 854.617554 1516.335761
852.784323 1518.462288 1.490637 850.790746 1518.622435 854.777901 1518.302141
852.939636 1520.424193 1.492935 850.945695 1520.579758 854.933576 1520.268628
853.090570 1522.386440 1.495100 851.096297 1522.537689 855.084842 1522.235191
853.237387 1524.348999 1.497130 851.242812 1524.496198 855.231963 1524.201800
853.380351 1526.311842 1.499027 851.385500 1526.455257 855.375202 1526.168427
853.519722 1528.274944 1.500790 851.524621 1528.414842 855.514823 1528.135047
853.655763 1530.238280 1.502420 851.660436 1530.374926 855.651089 1530.101633
853.788736 1532.201826 1.503915 851.793207 1532.335488 855.784264 1532.068163
853.918903 1534.165559 1.505277 851.923194 1534.296504 855.914612 1534.034615
854.046527 1536.129460 1.506506 852.050659 1536.257953 856.042395 1536.000967
854.171870 1538.093508 1.507600 852.175863 1538.219816 856.167878 1537.967199
854.295195 1540.057683 1.508561 852.299067 1540.182074 856.291323 1539.933292
854.416765 1542.021968 1.509388 852.420535 1542.144708 856.412995 1541.899228
854.536841 1543.986345 1.510081 852.540527 1544.107701 856.533156 1543.864988
854.655688 1545.950796 1.510640 852.659305 1546.071036 856.652070 1545.830557
854.773566 1547.915306 1.511066 852.777133 1548.034696 856.769999 1547.795916
854.890740 1549.879858 1.511358 852.894272 1549.998666 856.887208 1549.761051
855.007471 1551.844437 1.511516 853.010985 1551.962928 857.003958 1551.725945
855.124024 1553.809026 1.511540 853.127534 1553.927469 857.120513 1553.690583
855.240659 1555.773610 1.511431 853.244183 1555.892271 857.237136 1555.654949
855.357641 1557.738173 1.511188 853.361193 1557.857320 857.354089 1557.619027
855.475232 1559.702701 1.510811 853.478829 1559.822599 857.471635 1559.582802
855.593695 1561.667175 1.510300 853.597353 1561.788093 857.590036 1561.546257
855.713292 1563.631581 1.509656 853.717029 1563.753786 857.709555 1563.509377
855.834286 1565.595902 1.508878 853.838119 1565.719659 857.830453 1565.472144
855.956940 1567.560119 1.507966 853.960886 1567.685697 857.952993 1567.434542
856.081516 1569.524216 1.506920 854.085595 1569.651881 858.077437 1569.396551
856.208277 1571.488172 1.505741 854.212508 1571.618191 858.204046 1571.358154
856.337486 1573.451970 1.504428 854.341889 1573.584609 858.333083 1573.319330
856.469404 1575.415587 1.502981 854.474001 1575.551113 858.464807 1575.280060
856.604295 1577.379001 1.501401 854.609109 1577.517682 858.599481 1577.240321
856.742420 1579.342191 1.499686 854.747475 1579.484292 858.737366 1579.200091
856.884042 1581.305132 1.497838 854.889363 1581.450919 858.878722 1581.159345
857.029423 1583.267798 1.495856 855.035036 1583.417538 859.023809 1583.118058
857.178824 1585.230162 1.493741 855.184759 1585.384121 859.172890 1585.076203
857.332508 1587.192195 1.491491 855.338794 1587.350639 859.326222 1587.033751
857.490736 1589.153867 1.489108 855.497405 1589.317062 859.484067 1588.990672
857.653770 1591.115146 1.486591 855.660856 1591.283357 859.646683 1590.946934
857.821870 1593.075996 1.483941 855.829409 1593.249489 859.814331 1592.902503
857.995299 1595.036382 1.481156 856.003329 1595.215423 859.987269 1594.857342
858.174316 1596.996266 1.478238 856.182877 1597.181119 860.165755 1596.811414
858.359183 1598.955607 1.475186 856.368317 1599.146536 860.350048 1598.764678
858.550159 1600.914361 1.472001 856.559912 1601.111632 860.540407 1600.717091
858.747506 1602.872484 1.468681 856.757924 1603.076360 860.737087 1602.668609
858.951482 1604.829928 1.465228 856.962616 1605.040672 860.940347 1604.619183
859.162347 1606.786641 1.461641 857.174250 1607.004518 861.150444 1606.568764
859.380360 1608.742570 1.457921 857.393087 1608.967843 861.367632 1608.517298
859.605779 1610.697660 1.454066 857.619389 1610.930591 861.592168 1610.464730
859.838863 1612.651851 1.450078 857.853418 1612.892702 861.824308 1612.411000
860.079869 1614.605080 1.445956 858.095434 1614.854113 862.064305 1614.356048
860.329055 1616.557283 1.441700 858.345698 1616.814758 862.312413 1616.299808
860.586677 1618.508390 1.437311 858.604469 1618.774569 862.568885 1618.242212
