0.0 0.0 2.75464278218248
-10.868952083438783 4.429031366695597 2.749921944127485
-21.737904166877566 8.918009244536014 2.7451140538136505
-32.60685625031635 13.468279811058293 2.7402204848742295
-43.47580833375513 18.081189243799475 2.735242648351357
-54.34476041719392 22.7580837202966 2.7301819924702535
-65.2137125006327 27.5003094180867 2.72504000234481
-76.08266458407148 32.309212514706836 2.719818199612564
-86.95161666751027 37.186139187694025 2.7145181419972815
-97.82056875094905 42.132435614585326 2.709141422797633
-108.68952083438784 47.14944797291775 2.7036896703006463
-119.55847291782662 52.238522440228365 2.6981645471189704
-130.4274250012654 57.4010051940542 2.6925677494511726
-141.29637708470418 62.6382424119323 2.6869010062646694
-152.16532916814296 67.9515802713997 2.681166078401146
-163.03428125158175 73.34236494999344 2.675364757604653
-173.90323333502053 78.81194262525058 2.669498865472912
-184.77218541845932 84.36165947470812 2.66357147377223
-195.6411375018981 89.9928448365647 2.657719582375174
-206.51008958533689 95.70495333323755 2.6521974150263854
-217.37904166877567 101.49388306679617 2.6470281596673098
-228.24799375221446 107.35513506316754 2.642206510003571
-239.11694583565324 113.28421034827866 2.6377274742895156
-249.98589791909203 119.27660994805646 2.633586380492009
-260.8548500025308 125.3278348884279 2.6297788803524424
-271.72380208596957 131.43338619532003 2.626300952521935
-282.59275416940835 137.5887648946598 2.6231489049258436
-293.46170625284714 143.78947201237415 2.620319376496066
-304.3306583362859 150.03100857439006 2.6178093383933203
-315.1996104197247 156.30887560663447 2.6156160948264393
-326.0685625031635 162.61857413503444 2.6137372835618384
-336.9375145866023 168.95560518551687 2.6121708762032365
-347.80646667004106 175.3154697840088 2.6109151783099134
-358.67541875347985 181.69366895643714 2.609968829410385
-369.54437083691863 188.08570372872884 2.609330802958083
-380.4133229203574 194.48707512681096 2.6090004062656393
-391.2822750037962 200.89328417661045 2.6089772804449547
-402.151227087235 207.29983190405426 2.6092614003712535
-413.02017917067377 213.70221933506937 2.6098530746804425
-423.88913125411256 220.09594749558278 2.6107529458004333
-434.75808333755134 226.47651741152143 2.611961990008385
-445.6270354209901 232.83943010881228 2.613481517497079
-456.4959875044289 239.18018661338226 2.6153131724245506
-467.3649395878677 245.49428795115855 2.6174488046291313
-478.2338916713065 251.7773820181042 2.6197217284117666
-489.10284375474527 258.02755946079736 2.621993336472408
-499.97179583818405 264.2449251937827 2.6242593896141737
-510.84074792162284 270.42964430457783 2.6265197984031285
-521.7097000050616 276.58188188070005 2.6287744736326593
-532.5786520885003 282.7018030096668 2.6310233263330054
-543.4476041719391 288.78957277899576 2.6332662677807877
-554.3165562553779 294.8453562762044 2.6355032095082764
-565.1855083388167 300.86931858881013 2.6377340633126396
-576.0544604222555 306.86162480433046 2.639958741265134
-586.9234125056943 312.82244001028283 2.642177155720092
-597.7923645891331 318.75192929418483 2.644389219323906
-608.6613166725718 324.65025774355377 2.6465948450237584
-619.5302687560106 330.51759044590744 2.648793946076467
-630.3992208394494 336.35409248876306 2.6509864360569244
-641.2681729228882 342.15992895963814 2.653172228866653
-652.137125006327 347.9352649460504 2.655351467988829
-663.0060770897658 353.6802623477085 2.657620675090507
-673.8750291732046 359.393742850172 2.660226989883895
-684.7439812566433 365.07111701062814 2.663211892376096
-695.6129333400821 370.7072606507818 2.6665788300440454
-706.4818854235209 376.2970495923375 2.6703316701037814
-717.3508375069597 381.8353596569998 2.674474695373321
-728.2197895903985 387.3170666664736 2.679012599060676
-739.0887416738373 392.73704644246357 2.683950478266869
-749.957693757276 398.0901748066742 2.6892938259655152
-760.8266458407148 403.37132758081015 2.6950485211903223
-771.6955979241536 408.57538058657644 2.701220817129805
-782.5645500075924 413.6972096456772 2.707817326794271
-793.4335020910312 418.73169057981755 2.7148450058864206
-804.30245417447 423.6736992107019 2.7223111324688483
-815.1714062579088 428.51811136003516 2.7302232829868958
-826.0403583413475 433.25980284952175 2.738589302924618
-836.9093104247863 437.8936495168284 2.7472959209385093
-847.7782625082251 442.4160744868016 2.75589129376204
-858.6472145916639 446.82929056132787 2.764263441100153
-869.5161666751027 451.13686446148057 2.7724060600212357
-880.3851187585415 455.3423629083329 2.7803131240799144
-891.2540708419803 459.4493526229581 2.787978884521539
-902.123022925419 463.4614003264294 2.795397870211636
-912.9919750088578 467.38207273982 2.802564886380705
-923.8609270922966 471.2149365842033 2.8094750122819
-934.7298791757354 474.9635585806526 2.8161235996108096
-945.5988312591742 478.6315054290937 2.8225657805331505
-956.467783342613 482.22162636519994 2.8290154354006734
-967.3367354260517 485.73416218589347 2.8355215186487883
-978.2056875094905 489.16876107799953 2.8420840145693713
-989.0746395929293 492.5250712283427 2.848702886089595
-999.9435916763681 495.80274082374785 2.8553780741082537
-1010.8125437598069 499.00141805103965 2.8621094968343592
-1021.6814958432457 502.12075109704307 2.8688970491297687
-1032.5504479266845 505.16038814858297 2.8757406018570975
-1043.4194000101231 508.11997739248403 2.8826354569375483
-1054.288352093562 510.99921987330987 2.8895380208000745
-1065.1573041770007 513.7983192211484 2.896423511351132
-1076.0262562604396 516.5177570493993 2.9032907102599577
-1086.8952083438783 519.1580179083761 2.9101386610774056
-1097.7641604273172 521.7195863483923 2.9169664173523744
-1108.6331125107558 524.2029469197611 2.9237730432225892
-1119.5020645941947 526.6085841727963 2.930557613986399
-1130.3710166776334 528.9369826578109 2.9373192166539215
-1141.2399687610723 531.1886269251188 2.944056950478089
-1152.108920844511 533.3640015250329 2.9507699274633388
-1162.9778729279499 535.4635910078672 2.9574467671253237
-1173.8468250113885 537.4879980712203 2.9640061414667906
-1184.7157770948274 539.4387273026115 2.9704094377490393
-1195.5847291782661 541.3176990324761 2.9766548207730805
-1206.453681261705 543.1268358120631 2.9827407520005083
-1217.3226333451437 544.8680601926208 2.9886657888411836
-1228.1915854285826 546.5432947253986 2.994428581301233
-1239.0605375120213 548.1544619616444 3.0000278685358763
-1249.9294895954602 549.7034844526073 3.005462475329422
-1260.7984416788988 551.1922847495358 3.010731308520905
-1271.6673937623377 552.6227854036786 3.015833353394999
-1282.5363458457764 553.9969089662844 3.020767670056046
-1293.4052979292153 555.3165779886019 3.0255333898017867
-1304.274250012654 556.5837150218797 3.0301297114577372
-1315.1432020960929 557.8002426179762 3.0345523784913695
-1326.0121541795315 558.9681220227591 3.0387876599186643
-1336.8811062629704 560.0894577751815 3.042831874492019
-1347.750058346409 561.1663875767855 3.046684415832534
-1358.619010429848 562.2010491291137 3.0503447349288426
-1369.4879625132867 563.1955801337081 3.0538123361514855
-1380.3569145967256 564.1521182921113 3.0570867734163265
-1391.2258666801642 565.0728013058654 3.0601676465067453
-1402.094818763603 565.9597668765127 3.0630545975645407
-1412.9637708470418 566.8151527055956 3.065747307757464
-1423.8327229304805 567.6410964946564 3.068245494131082
-1434.7016750139194 568.4397359452373 3.0705489066509375
-1445.570627097358 569.2132087588808 3.0726573254412686
-1456.439579180797 569.9636526371291 3.074570558224711
-1467.3085312642356 570.6932052815243 3.0762884379673627
-1478.1774833476745 571.4040043936092 3.077810820733243
-1489.0464354311132 572.0981876749256 3.0791375837504567
-1499.915387514552 572.7778928270161 3.0802686236925543
-1510.7843395979908 573.4452575514229 3.0812038551766383
-1521.6532916814297 574.1024195496883 3.081943209480433
-1532.5222437648683 574.7515165233546 3.0824866334794185
-1543.3911958483072 575.3946861739644 3.082834088805766
-1554.260147931746 576.0340662030594 3.0829855512289828
-1565.1291000151848 576.6717943121824 3.0829410102602197
-1575.9980520986235 577.3100082028756 3.0827004689793243
-1586.8670041820624 577.9508455766811 3.0822639440857116
-1597.735956265501 578.5964441351415 3.0816314661726447
-1608.60490834894 579.2489415797991 3.0808030802246478
-1619.4738604323786 579.9104756121959 3.079778846337578
-1630.3428125158175 580.5831839338746 3.078558840660834
-1641.2117645992562 581.2692042463771 3.0771431565601985
-1652.080716682695 581.9706742512458 3.0755319060006023
-1662.9496687661338 582.6897316500232 3.073725221146789
-1673.8186208495727 583.4285141442516 3.071723256180011
-1684.6875729330113 584.1891594354731 3.069526189328358
-1695.5565250164502 584.9738052252303 3.0671342251080738
-1706.425477099889 585.7845892150654 3.064547596772176
-1717.2944291833278 586.6236491065202 3.061766568962585
-1728.1633812667665 587.4931226011379 3.0587914405617083
-1739.0323333502054 588.39514740046 3.0556225477370695
-1749.901285433644 589.3318612060294 3.0522602671745154
-1760.770237517083 590.305401719388 3.048705019491575
-1771.6391896005216 591.3179066420782 3.044957272824514
-1782.5081416839605 592.371513675643 3.0410189939406655
-1793.3770937673992 593.468344630121 3.036911554505125
-1804.246045850838 594.6102927367621 3.0326511068409605
-1815.1149979342767 595.799079858657 3.028238606832151
-1825.9839500177156 597.0364237079951 3.023674681381078
-1836.8529021011543 598.3240419969645 3.018960009176029
-1847.7218541845932 599.6636524377541 3.014095323435239
-1858.5908062680319 601.0569727425527 3.009081414671822
-1869.4597583514708 602.505720623549 3.003919133469521
-1880.3287104349095 604.0116137929317 2.998609393258836
-1891.1976625183484 605.5763699628892 2.9931531730813585
-1902.066614601787 607.2017068456107 2.987551379133486
-1912.935566685226 608.8893437249545 2.981691911382919
-1923.8045187686646 610.6422624441872 2.975260217657925
-1934.6734708521035 612.4669806831666 2.9682056649529827
-1945.5424229355422 614.3706304017189 2.9605335278368035
-1956.411375018981 616.3603435596702 2.9522498714530405
-1967.2803271024197 618.4432521168465 2.943361623003792
-1978.1492791858586 620.6264880330735 2.9339239121692997
-1989.0182312692973 622.9166467049656 2.92469679703119
-1999.8871833527362 625.3117540263592 2.916281307568865
-2010.7561354361749 627.8029509846142 2.9086866127177875
-2021.6250875196138 630.3811839910619 2.9019050642473116
-2032.4940396030524 633.0373994570322 2.8959294751642584
-2043.3629916864913 635.7625437938558 2.8907532374170724
-2054.2319437699302 638.547563412863 2.886301660215546
-2065.100895853369 641.3842029806362 2.8816995740493745
-2075.9698479368076 644.2743340530462 2.8763518880747387
-2086.8388000202463 647.226787814349 2.8702537066093576
-2097.707752103685 650.2505321840463 2.8634131039923987
-2108.576704187124 653.3545350816393 2.855839418746781
-2119.4456562705627 656.5477644266297 2.847543329176649
-2130.3146083540014 659.8391881385193 2.8385369302611982
-2141.18356043744 663.2377741368094 2.8289662478485673
-2152.052512520879 666.7509004193629 2.819762657810623
-2162.921464604318 670.3748438554502 2.8113111670222777
-2173.7904166877565 674.101148968115 2.803602049466563
-2184.659368771195 677.9213427012518 2.796624728282582
-2195.5283208546343 681.826951998754 2.790369335441886
-2206.397272938073 685.8095038045157 2.7848267919662617
-2217.2662250215117 689.8605250624925 2.779882092313048
-2228.1351771049503 693.9728694249552 2.7751079057499375
-2239.0041291883895 698.1446403098136 2.7703989516756566
-2249.873081271828 702.3752394625686 2.7657548224068282
-2260.742033355267 706.6640686287221 2.761175104958959
-2271.6109854387055 711.0105295537757 2.7566593816196687
-2282.4799375221446 715.4140239832312 2.7522072305009293
-2293.3488896055833 719.8739536625899 2.747818226070373
-2304.217841689022 724.3897203373533 2.7434919396623396
-2315.0867937724606 728.9607257530236 2.739227939969
-2325.9557458558997 733.5863716551023 2.7350257935116575
-2336.8246979393384 738.2660597890905 2.7308850650929126
-2347.693650022777 742.9991919004902 2.726805318230286
-2358.5626021062158 747.7851697348029 2.7227861155711652
-2369.431554189655 752.6233950375307 2.7188270192902646
-2380.3005062730936 757.5132695541746 2.71492759146938
-2391.1694583565322 762.4541950302363 2.711114909339748
-2402.038410439971 767.4452110881695 2.707540784207476
-2412.90736252341 772.4833431053964 2.7042555846355687
-2423.7763146068487 777.5649201947588 2.7012568387963127
-2434.6452666902874 782.6862708028822 2.698542227559924
-2445.514218773726 787.8437233763918 2.6961096381266887
-2456.383170857165 793.033606361913 2.693957166571387
-2467.252122940604 798.2522482060709 2.6920831199779442
-2478.1210750240425 803.4959773554907 2.6904860182137944
-2488.990027107481 808.7611222567976 2.689164595388052
-2499.8589791909203 814.0440113566173 2.6881178010305176
-2510.727931274359 819.3409731015741 2.687344801023026
-2521.5968833577977 824.6483359382942 2.6868449783092045
-2532.4658354412363 829.9624283134024 2.6866179334023763
-2543.3347875246754 835.2795786735239 2.6866634847068114
-2554.203739608114 840.596115465284 2.686981668661946
-2565.072691691553 845.9083671353079 2.687572739713399
-2575.9416437749915 851.2126621302212 2.688437170110619
-2586.8105958584306 856.5053288966487 2.6895756495241914
-2597.6795479418693 861.782695881216 2.6909890844727875
-2608.548500025308 867.0410915305478 2.692678597541493
-2619.4174521087466 872.2768442912698 2.6946455263711213
-2630.2864041921857 877.4862826100074 2.6968914223895473
-2641.1553562756244 882.6657349333854 2.6994180492523516
-2652.024308359063 887.8115297080292 2.7022273809531847
-2662.8932604425017 892.9199953805638 2.705321599557983
-2673.762212525941 897.9874603976153 2.708703092511496
-2684.6311646093795 903.0102532058078 2.712374449456118
-2695.500116692818 907.9847022517673 2.716338458498534
-2706.369068776257 912.9071359821188 2.720598101849249
-2717.238020859696 917.7738828434879 2.7251565507553273
-2728.1069729431347 922.581271282499 2.7300171596364735
-2738.9759250265733 927.3256297457781 2.7351834593282596
-2749.844877110012 932.0032866799503 2.7406591493263384
-2760.713829193451 936.6105705316406 2.746448088918417
-2771.58278127689 941.1438097474743 2.752554287081859
-2782.4517333603285 945.5993327740769 2.7589818910161346
-2793.320685443767 949.9734680580734 2.7657157787763724
-2804.189637527206 954.2627876705643 2.77224146652321
-2815.058589610645 958.4703430377276 2.777991668001486
-2825.9275416940836 962.6061925477998 2.78292730323825
-2836.7964937775223 966.6807439376477 2.787038856281998
-2847.665445860961 970.7044049441378 2.7903185136248334
-2858.5343979444 974.6875833041364 2.792943377596777
-2869.4033500278388 978.6384315823021 2.796030478090894
-2880.2723021112774 982.5513353020783 2.800007028030965
-2891.141254194716 986.4154859639408 2.8048812538379506
-2902.0102062781552 990.2200654938982 2.8106621347013894
-2912.879158361594 993.9542558179604 2.8173601007607423
-2923.7481104450326 997.6072388621373 2.8249869324154617
-2934.6170625284713 1001.1681965524377 2.833555635711519
-2945.4860146119104 1004.6263108148721 2.8430802901972543
-2956.354966695349 1007.9707635754489 2.85337191520307
-2967.2239187787877 1011.1931481829885 2.863411520291586
-2978.0928708622264 1014.2971696976371 2.87286756450372
-2988.9618229456655 1017.2903275497438 2.881728457840065
-2999.830775029104 1020.1801224908246 2.8899838572433647
-3010.699727112543 1022.9740552723947 2.8976244967221367
-3021.5686791959815 1025.67962664597 2.904642127050958
-3032.4376312794207 1028.3043373630665 2.9110294548002007
-3043.3065833628593 1030.8556881751992 2.916780082066122
-3054.175535446298 1033.3411798338839 2.9218884481447467
-3065.0444875297367 1035.7683130906362 2.926349774262126
-3075.913439613176 1038.1445886969725 2.9301600123403815
-3086.7823916966145 1040.477507404407 2.933363718247172
-3097.651343780053 1042.7740258708436 2.936338020572157
-3108.520295863492 1045.0367946622355 2.9392627577658788
-3119.389247946931 1047.2664169343918 2.942138794399173
-3130.2582000303696 1049.4634833849432 2.9449659054242496
-3141.1271521138083 1051.6285847115212 2.9477438732625183
-3151.996104197247 1053.7623116117568 2.9504724876581077
-3162.865056280686 1055.8652547832812 2.95315154553031
-3173.7340083641247 1057.9380049237259 2.9557808508250907
-3184.6029604475634 1059.9811527307215 2.9583602143654515
-3195.471912531002 1061.9952889018987 2.960888761899875
-3206.340864614441 1063.981011905021 2.963300443214672
-3217.20981669788 1065.9396594141533 2.9654755448064174
-3228.0787687813186 1067.8739076507054 2.96740090234716
-3238.9477208647572 1069.7865738889984 2.9690759887664417
-3249.8166729481964 1071.6804754033537 2.9705003526278926
-3260.685625031635 1073.5584294680934 2.9716736152941543
-3271.5545771150737 1075.4232533575384 2.9725954684966855
-3282.4235291985124 1077.27776434601 2.973265672321553
-3293.2924812819515 1079.1247797078295 2.973684053618699
-3304.16143336539 1080.9671167173183 2.973850504840826
-3315.030385448829 1082.8075926487986 2.973764983317142
-3325.8993375322675 1084.6490247765907 2.9734275109633224
-3336.7682896157066 1086.4942303750163 2.9728381744306245
-3347.6372416991453 1088.3460267183973 2.971997125692471
-3358.506193782584 1090.2072310810545 2.970904583065858
-3369.3751458660226 1092.0806607373097 2.9695608326651124
-3380.244097949462 1093.969132961484 2.96796623028071
-3391.1130500329004 1095.875465027899 2.9661212036768525
-3401.982002116339 1097.8024742108757 2.9640262552975796
-3412.850954199778 1099.752977784736 2.96168196537094
-3423.719906283217 1101.7297930238012 2.9590889953970843
-3434.5888583666556 1103.7357372023923 2.9562480920052936
-3445.4578104500943 1105.7736275948312 2.9531600911624043
-3456.326762533533 1107.8462814754387 2.949825922711787
-3467.195714616972 1109.956516118537 2.9462466152215163
-3478.0646667004107 1112.1071487984468 2.9424233011153746
-3488.9336187838494 1114.3009967894898 2.9383574239102237
-3499.802570867288 1116.5408750789122 2.934051700762769
-3510.6715229507267 1118.8295831972052 2.929508162419242
-3521.540475034166 1121.1699142751063 2.924728400454638
-3532.4094271176045 1123.5646614228988 2.9197141353901737
-3543.278379201043 1126.0166177508654 2.9144672245259136
-3554.147331284482 1128.5285763692907 2.90898966799474
-3565.016283367921 1131.1033303884572 2.9032919683232734
-3575.8852354513597 1133.7435767667293 2.8974207598589
-3586.7541875347983 1136.4514998802872 2.8913927091111065
-3597.623139618237 1139.2291139828071 2.8852097705064654
-3608.492091701676 1142.078433215782 2.8788739896969453
-3619.361043785115 1145.0014717207034 2.8723875153163214
-3630.2299958685535 1148.0002436390637 2.865752600780844
-3641.098947951992 1151.0767631123556 2.858971605858655
-3651.9679000354313 1154.233044282072 2.852046997987295
-3662.83685211887 1157.471101289704 2.844981353318517
-3673.7058042023086 1160.7929482767447 2.8377773574714715
-3684.5747562857473 1164.2005993846863 2.8304548209796754
-3695.4437083691864 1167.6958646934793 2.8232113565783257
-3706.312660452625 1171.2782049949158 2.816171145335972
-3717.1816125360638 1174.9455762272125 2.809334291416344
-3728.0505646195024 1178.69590972919 2.802698825226968
-3738.9195167029416 1182.5271368396693 2.7962627624312644
-3749.7884687863802 1186.4371888974722 2.7900241112814554
-3760.657420869819 1190.4239972414198 2.783980879445593
-3771.5263729532576 1194.4854932103333 2.778131080350639
-3782.3953250366967 1198.6196081430344 2.7724798021596855
-3793.2642771201354 1202.8241851214473 2.7670591307432466
-3804.133229203574 1207.0966388971146 2.761876919695989
-3815.0021812870127 1211.4342544626234 2.756930660090074
-3825.871133370452 1215.834316781926 2.7522179118647836
-3836.7400854538905 1220.2941108189746 2.7477363118026266
-3847.609037537329 1224.810921537722 2.743483578650457
-3858.477989620768 1229.3820339021204 2.7394581253252617
-3869.346941704207 1234.0047250775049 2.735687187321668
-3880.2158937876457 1238.6758943586672 2.732210218716458
-3891.0848458710843 1243.3919019705418 2.729027904762231
-3901.953797954523 1248.1490668183603 2.7261379052612122
-3912.822750037962 1252.9437078073543 2.7235380779833345
-3923.691702121401 1257.7721438427545 2.7212264822045924
-3934.5606542048395 1262.6306938297923 2.7192013817222622
-3945.429606288278 1267.5156766736993 2.717461247403169
-3956.2985583717173 1272.4234112797064 2.716004759313107
-3967.167510455156 1277.3502165530454 2.7148308084709387
-3978.0364625385946 1282.2924113989468 2.713938498261975
-3988.9054146220333 1287.2463147226422 2.7133271455419594
-3999.7743667054724 1292.2082454293632 2.712996281454659
-4010.643318788911 1297.1745224243402 2.7129456519812516
-4021.5122708723497 1302.1414646128057 2.713175218234509
-4032.3812229557884 1307.10539089999 2.713685156503026
-4043.2501750392275 1312.0626201911252 2.7144758580484205
-4054.119127122666 1317.0094713914418 2.715547928648924
-4064.988079206105 1321.9422634061712 2.7169021878805855
-4075.8570312895436 1326.8573151405449 2.71853966811945
-4086.7259833729827 1331.7509454997944 2.72046161324286
-4097.594935456421 1336.6194733891505 2.7226694770025386
-4108.4638875398605 1341.4592177138447 2.725164921035116
-4119.332839623299 1346.266497379108 2.727949812470809
-4130.201791706738 1351.037631290172 2.7310262210929124
-4141.0707437901765 1355.768938352268 2.734396415995379
-4151.939695873615 1360.4567374706269 2.7380628616782277
-4162.808647957054 1365.0973475504804 2.7420282135139216
-4173.6776000404925 1369.6870874970593 2.746295312509461
-4184.546552123931 1374.2222762155955 2.7508671792832606
-4195.41550420737 1378.6992326113195 2.7557470071658483
-4206.284456290809 1383.1142755894634 2.760938154328103
-4217.153408374248 1387.4637240552581 2.766444134831104
-4228.022360457687 1391.743896913935 2.7721991374955324
-4238.891312541125 1395.951981308135 2.7778713103462698
-4249.760264624564 1400.089328463885 2.7833584150976356
-4260.629216708003 1404.1585364735577 2.788657643439935
-4271.4981687914415 1408.162203659794 2.793766340074443
-4282.36712087488 1412.1029283452353 2.7986819825556872
-4293.23607295832 1415.9833088525224 2.80340217932843
-4304.105025041758 1419.805943504296 2.807924667568418
-4314.973977125197 1423.5734306231984 2.812247310858288
-4325.842929208636 1427.2883685318695 2.81636809672953
-4336.711881292074 1430.9533555529513 2.8202972881377035
-4347.580833375513 1434.5708432734182 2.8241997993873635
-4358.449785458952 1438.1412770406835 2.8281962334460764
-4369.31873754239 1441.6636492528569 2.8322898680705353
-4380.18768962583 1445.13691985467 2.8364812939727035
-4391.056641709269 1448.5600487908546 2.840771101880728
-4401.925593792707 1451.9319960061425 2.8451598814378283
-4412.794545876146 1455.251721445266 2.8496482200476647
-4423.663497959585 1458.5181850529561 2.8542367016634693
-4434.532450043023 1461.7303467739453 2.858925905520651
-4445.401402126462 1464.887166552965 2.8637164048105452
-4456.270354209901 1467.9876043347474 2.8686087652947796
-4467.13930629334 1471.030620064024 2.87363795840415
-4478.008258376779 1474.0147714351228 2.879011801480554
-4488.877210460218 1476.9362037951473 2.8848099932783016
-4499.746162543656 1479.7901672903092 2.891036124041291
-4510.615114627095 1482.5719105911483 2.8976937723911886
-4521.484066710534 1485.276682368203 2.9047866008598278
-4532.353018793972 1487.899731292014 2.9123183218058806
-4543.221970877411 1490.436306033119 2.920292659756275
-4554.090922960851 1492.8816552620594 2.928713309974819
-4564.959875044289 1495.2310276493733 2.937583893068223
-4575.828827127728 1497.4796718656005 2.9469079054681355
-4586.697779211167 1499.62283658128 2.9566886656543767
-4597.566731294605 1501.6557704669522 2.9669037715421758
-4608.435683378044 1503.5740078091903 2.9769007764280015
-4619.304635461483 1505.3803973561485 2.9859788790270128
-4630.173587544921 1507.0855420135413 2.9940946800899133
-4641.042539628361 1508.7004183362644 3.0012398258763606
-4651.9114917117995 1510.2360028792145 3.0074074688804893
-4662.780443795238 1511.7032721972887 3.012592084573381
-4673.649395878677 1513.1132028453826 3.0167893083103237
-4684.5183479621155 1514.4767713783933 3.0199957949292315
-4695.387300045554 1515.8049543512175 3.0222091030003084
-4706.256252128993 1517.1087283187514 3.023427605201528
-4717.1252042124315 1518.3990698358914 3.023654479982317
-4727.994156295871 1519.6869107749706 3.0234201910978147
-4738.86310837931 1520.977334011464 3.023777716345627
-4749.732060462748 1522.2638167151413 3.024851397623316
-4760.601012546187 1523.5384676358826 3.0266417744880654
-4771.469964629626 1524.7933955235699 3.029149728724099
-4782.3389167130645 1526.0207091280836 3.032376457752957
-4793.207868796503 1527.2125171993052 3.0363234371496146
-4804.076820879942 1528.3609284871159 3.040992372022755
-4814.945772963381 1529.4580517413965 3.04638513697385
-4825.81472504682 1530.495995712028 3.052503704321671
-4836.683677130259 1531.4668691488914 3.059350011115048
-4847.552629213697 1532.3627813398168 3.0667152857333164
-4858.421581297136 1533.1781442430947 3.073907051079031
-4869.290533380575 1533.9149413301752 3.0807815726874286
-4880.159485464013 1534.5767099932498 3.0873373468141447
-4891.028437547452 1535.16698762451 3.093573078765334
-4901.897389630891 1535.6893116161473 3.0994876639685627
-4912.76634171433 1536.147219360353 3.105080169617566
-4923.635293797769 1536.5442482493186 3.1103498169785566
-4934.504245881208 1536.8839356752355 3.115295964433137
-4945.373197964646 1537.1698190302952 3.119918091322203
-4956.242150048085 1537.4054357066898 3.1242157826443746
-4967.111102131524 1537.5943230966095 3.128191765752443
-4977.980054214962 1537.7399854240248 3.132068190707254
-4988.849006298401 1537.8435094851432 3.1362143842588
-4999.717958381841 1537.90196620043 3.1406651142460635
-5010.586910465279 1537.9120475840036 -3.1377650784436346
-5021.455862548718 1537.8704456499834 -3.1327058083916444
-5032.324814632157 1537.7738524124886 -3.1273427018646673
-5043.193766715595 1537.618959885638 -3.121676185218989
-5054.062718799034 1537.402460118476 -3.1158357991599357
-5064.931670882473 1537.1224481776937 -3.110293448716815
-5075.800622965911 1536.7821474883401 -3.1051568271788343
-5086.669575049351 1536.3859528961614 -3.1004257854820234
-5097.53852713279 1535.9382592469065 -3.096100091881982
-5108.407479216228 1535.4434613863211 -3.0921794553249313
-5119.276431299667 1534.9059541601534 -3.0886588201968164
-5130.145383383106 1534.330080897067 -3.0853553484340064
-5141.014335466544 1533.7181951289692 -3.082032584434782
-5151.883287549983 1533.0700730267524 -3.078674907891528
-5162.752239633422 1532.3853192598383 -3.0752824384305
-5173.621191716861 1531.6635384976478 -3.0718553008718272
-5184.4901438003 1530.9043354096018 -3.0683936253291026
-5195.3590958837385 1530.107314665121 -3.0648975473076923
-5206.228047967177 1529.2720809336263 -3.06136720780172
-5217.097000050616 1528.398238884539 -3.0578027533890997
-5227.9659521340545 1527.4853931872797 -3.0542179857774636
-5238.834904217493 1526.5332980050691 -3.0508424123128033
-5249.703856300932 1525.5442212736182 -3.0478660901091756
-5260.5728083843715 1524.5225182183342 -3.0452941831721776
-5271.44176046781 1523.4726073365678 -3.043126133376049
-5282.310712551249 1522.3989071256692 -3.0413614498252817
-5293.1796646346875 1521.3058360829887 -3.0399911604574714
-5304.048616718126 1520.1977187144748 -3.0387477125306908
-5314.917568801565 1519.075944152614 -3.037317675322642
-5325.7865208850035 1517.9384586894569 -3.0356833630082294
-5336.655472968442 1516.783012322554 -3.033844995985271
-5347.524425051882 1515.6073550494543 -3.0318028285493512
-5358.39337713532 1514.4092368677084 -3.0295571510899513
-5369.262329218759 1513.1864077748655 -3.027116516909113
-5380.131281302198 1511.9367083408501 -3.024706221037421
-5391.000233385636 1510.660457773923 -3.0225730099508166
-5401.869185469075 1509.3606958310916 -3.0207290949909718
-5412.738137552514 1508.0406013553854 -3.0191741042069715
-5423.607089635952 1506.7033531898348 -3.0179077164938515
-5434.476041719392 1505.3521301774688 -3.016929665326215
-5445.344993802831 1503.990111161319 -3.016239741784132
-5456.213945886269 1502.6204749844144 -3.0157956395681853
-5467.082897969708 1501.2459349581877 -3.014889337650352
-5477.951850053147 1499.861385686565 -3.012934072353225
-5488.820802136585 1498.4552344684623 -3.0099136915039026
-5499.689754220024 1497.0156922638164 -3.005830786893483
-5510.558706303463 1495.5309700325604 -3.000689011062065
-5521.427658386902 1493.9892787346298 -2.994493206109267
-5532.296610470341 1492.37882932996 -2.987259938185471
-5543.16556255378 1490.6879482763488 -2.9797857172706768
-5554.034514637218 1488.9137657682659 -2.973400723495852
-5564.903466720657 1487.0682606253954 -2.9682261772333285
-5575.772418804096 1485.1648406921317 -2.9642559375127173
-5586.641370887534 1483.2169138128706 -2.96148508559084
-5597.510322970973 1481.2378878320071 -2.959910082885661
-5608.379275054412 1479.241170593936 -2.9595288794371046
-5619.248227137851 1477.240169943053 -2.9603409748964276
-5630.11717922129 1475.248293723753 -2.9623449784675797
-5640.986131304729 1473.27892222397 -2.964849146001246
-5651.855083388167 1471.3376492855089 -2.966209270574659
-5662.724035471606 1469.4116273699617 -2.966185518068983
-5673.592987555045 1467.4853391817458 -2.96477792356713
-5684.461939638483 1465.5432674252784 -2.9619885792335983
-5695.330891721922 1463.569894804977 -2.9578222011602624
-5706.1998438053615 1461.5497095814972 -2.952666826699704
-5717.0687958888 1459.4714989498525 -2.9475895880072387
-5727.937747972239 1457.336030450744 -2.9427733773852003
-5738.8067000556775 1455.1461421623856 -2.938216948445072
-5749.675652139116 1452.9046721629913 -2.9339190704962625
-5760.544604222555 1450.6144585307754 -2.92987835660837
-5771.413556305994 1448.2783372909441 -2.92605537160903
-5782.282508389432 1445.8987086710038 -2.9223639090966618
-5793.151460472872 1443.4770003009814 -2.918791922067817
-5804.0204125563105 1441.0145081694254 -2.9153389414246496
-5814.889364639749 1438.512528264882 -2.912004500553507
-5825.758316723188 1435.9723565758975 -2.9087812017013057
-5836.6272688066265 1433.395209477398 -2.9056349167391122
-5847.496220890065 1430.7819158737973 -2.9025551497320334
-5858.365172973504 1428.133186964497 -2.899541670038312
-5869.2341250569425 1425.4497339218512 -2.8965942488203695
-5880.103077140382 1422.7322679182137 -2.893712657061756
-5890.972029223821 1419.9815001259383 -2.8908966659271496
-5901.840981307259 1417.1981417173786 -2.8881460471089317
-5912.709933390698 1414.382903864888 -2.8854605731611653
-5923.578885474137 1411.536497740821 -2.8828400178205906
-5934.447837557575 1408.6596345175308 -2.8803064309383317
-5945.316789641014 1405.7532847815712 -2.8779959057951254
-5956.185741724453 1402.8200097373538 -2.8759592609603644
-5967.054693807892 1399.8629731517804 -2.8741957097110995
-5977.923645891331 1396.8853399327243 -2.8727044780390316
-5988.79259797477 1393.8902749880574 -2.8714849057314957
-5999.661550058208 1390.8809432256528 -2.870533794078384
-6010.530502141647 1387.8604784690915 -2.8696974056268894
-6021.399454225086 1384.8302187178172 -2.868741400735708
-6032.268406308524 1381.7887575395591 -2.867646226726365
-6043.137358391963 1378.7344569328932 -2.8664121431062735
-6054.006310475403 1375.6656788963974 -2.8650394440088087
-6064.875262558841 1372.5807854286488 -2.863528458727074
-6075.74421464228 1369.4781385282247 -2.8618795522995284
-6086.613166725719 1366.3561001937026 -2.860093126146028
-6097.482118809157 1363.2130324236591 -2.858188846707791
-6108.351070892596 1360.0475239325601 -2.856314843107356
-6119.220022976035 1356.859907188275 -2.8545395015035844
-6130.088975059473 1353.6513237144416 -2.8528629030015313
-6140.957927142913 1350.4229194788115 -2.851284765832474
-6151.826879226352 1347.1758404491366 -2.849804822643217
-6162.69583130979 1343.9112325931685 -2.8484228208464972
-6173.564783393229 1340.6302418786584 -2.8471385229457953
-6184.433735476668 1337.3340142733584 -2.8459517068338616
-6195.302687560106 1334.0236957450197 -2.8448621660675633
-6206.171639643545 1330.7004322613946 -2.8438697101180046
-6217.040591726984 1327.3653697902337 -2.842974164598589
-6227.909543810423 1324.0196542992892 -2.8421733769275788
-6238.778495893862 1320.6644080118685 -2.8414337565000287
-6249.6474479773005 1317.300354740255 -2.8407274941602694
-6260.516400060739 1313.9278879296076 -2.840053709324878
-6271.385352144178 1310.547391039219 -2.83941236202197
-6282.254304227617 1307.159247528384 -2.8388034140906737
-6293.123256311055 1303.7638408563957 -2.8382268291960853
-6303.992208394494 1300.3615544825477 -2.8376825728431654
-6314.861160477933 1296.952771866134 -2.8371706123895413
-6325.730112561372 1293.5378764664479 -2.8366909170580463
-6336.599064644811 1290.117251742784 -2.8362434579478255
-6347.4680167282495 1286.691281154435 -2.835828208045454
-6358.336968811688 1283.2603481606955 -2.835445142234382
-6369.205920895127 1279.8248362208585 -2.8350944368751456
-6380.0748729785655 1276.3851311805884 -2.834796274533753
-6390.943825062004 1272.9418605221986 -2.834587901297063
-6401.812777145443 1269.4960976020184 -2.8344733029501485
-6412.681729228882 1266.0489638804443 -2.8344524590562212
-6423.550681312321 1262.6015808178731 -2.8345253658970226
-6434.41963339576 1259.155069874701 -2.834692036476596
-6445.288585479198 1255.7105525113236 -2.8349525005080265
-6456.157537562637 1252.269150188138 -2.8353068043823653
-6467.026489646076 1248.8319843655397 -2.83575501112082
-6477.8954417295145 1245.4001765039256 -2.8362972003087346
-6488.764393812953 1241.974848063692 -2.836933468012227
-6499.633345896393 1238.5571205052347 -2.837663926676624
-6510.502297979831 1235.1481152889512 -2.838488705006334
-6521.37125006327 1231.7489538752366 -2.839407944571993
-6532.240202146709 1228.3607576856762 -2.840411282242878
-6543.109154230147 1224.9845227212684 -2.8414649466297
-6553.978106313586 1221.620840925548 -2.8425622099872516
-6564.847058397025 1218.2702230302802 -2.843703157656921
-6575.716010480463 1214.9331797672307 -2.844887877914086
-6586.584962563903 1211.6102218681644 -2.846116461918793
-6597.453914647342 1208.3018600648472 -2.847389003663802
-6608.32286673078 1205.0086050890438 -2.848705599920299
-6619.191818814219 1201.73096767252 -2.850066350180786
-6630.060770897658 1198.469458547041 -2.8514713565994265
-6640.929722981096 1195.224588444372 -2.8529207239299077
-6651.798675064535 1191.9968680962784 -2.854414559460107
-6662.667627147974 1188.7868082345253 -2.8559529729441397
-6673.536579231413 1185.5949195908781 -2.8575360765313675
-6684.405531314852 1182.4217128971025 -2.859163984692529
-6695.274483398291 1179.2676988849637 -2.860844787754115
-6706.143435481729 1176.1334821577632 -2.8626148482555167
-6717.012387565168 1173.0200932975363 -2.86448470501281
-6727.881339648607 1169.9286836567549 -2.866454662446751
-6738.750291732045 1166.860404595807 -2.868525037323419
-6749.619243815484 1163.8164074750828 -2.870696158947878
-6760.488195898924 1160.7978436549702 -2.8729683686538685
-6771.357147982362 1157.8058644958585 -2.8753420192592727
-6782.226100065801 1154.8416213581372 -2.8778174744866214
-6793.09505214924 1151.9062656021958 -2.880395108347518
-6803.964004232678 1149.000948588422 -2.8830660344588823
-6814.832956316117 1146.1267138760213 -2.885662236256531
-6825.701908399556 1143.282649820257 -2.8880366281492598
-6836.570860482994 1140.4661428748204 -2.890183447647413
-6847.439812566434 1137.674522658613 -2.892101913149964
-6858.3087646498725 1134.9051187905384 -2.8937913340293258
-6869.177716733311 1132.155260889498 -2.895251108268915
-6880.04666881675 1129.4222785743948 -2.8964842843499436
-6890.9156209001885 1126.7035426248317 -2.897809927795176
-6901.784572983627 1124.0001114796714 -2.899796612827519
-6912.653525067066 1121.3195981182312 -2.902504866379732
-6923.5224771505045 1118.6702902172499 -2.9059375180306404
-6934.391429233944 1116.0604754534666 -2.9100980858729275
-6945.260381317383 1113.4984415036208 -2.9149907307370757
-6956.129333400821 1110.9924760444517 -2.920569936724906
-6966.99828548426 1108.550292876657 -2.9262936384823193
-6977.867237567699 1106.173377961466 -2.9318265328098785
-6988.7361896511375 1103.8594003194426 -2.9371619935876425
-6999.605141734576 1101.605973806252 -2.942298342602088
-7010.474093818015 1099.4107122775608 -2.9472340134898154
-7021.3430459014535 1097.2712295890344 -2.9519675471560918
-7032.211997984893 1095.1851395963383 -2.95649685990004
-7043.080950068332 1093.1500479732829 -2.9606395843642503
-7053.94990215177 1091.1615261460518 -2.9639752225968095
-7064.818854235209 1089.210450031969 -2.9664418404641046
-7075.687806318648 1087.287035175837 -2.968037104247656
-7086.556758402086 1085.381497122457 -2.9687595312331765
-7097.425710485525 1083.4840514166303 -2.9688244630182736
-7108.294662568964 1081.5873329514359 -2.9697225438355446
-7119.163614652403 1079.7006713681362 -2.972083998926729
-7130.032566735842 1077.8404388997158 -2.97591458350663
-7140.901518819281 1076.023032588113 -2.981219874655638
-7151.770470902719 1074.2648494752675 -2.988007256310441
-7162.639422986158 1072.5822866031174 -2.996101582590619
-7173.508375069597 1070.9896981147651 -3.003642550172512
-7184.377327153035 1069.4807409505397 -3.0095375249396543
-7195.246279236474 1068.037038281883 -3.0137646286065403
-7206.115231319914 1066.6400644492633 -3.0163181302110362
-7216.984183403352 1065.2712937931476 -3.017195256281144
-7227.853135486791 1063.9122067054996 -3.017060740254313
-7238.72208757023 1062.5516346843679 -3.0178743135323645
-7249.591039653668 1061.2000430041396 -3.0199954961425473
-7260.459991737107 1059.871856735323 -3.0234263105567605
-7271.328943820546 1058.5815009484263 -3.0281699063778578
-7282.197895903984 1057.343400713958 -3.0342303899639047
-7293.066847987424 1056.171981102426 -3.0416125860158725
-7303.935800070863 1055.081667184339 -3.050321728535177
-7314.804752154301 1054.086884030205 -3.060363078360522
-7325.67370423774 1053.2020567105321 -3.0717409986775324
-7336.542656321179 1052.4416052059025 -3.0828096679391663
-7347.411608404617 1051.8019588286697 -3.0882101566171714
-7358.280560488056 1051.221195256575 -3.0869308795292314
-7369.149512571495 1050.6264866236297 -3.0829453849031285
-7380.018464654934 1049.9883204446494 -3.081895348699216
-7390.887416738373 1049.338701417665 -3.084209343880878
-7401.7563688218115 1048.7143194927498 -3.089859241902803
-7412.62532090525 1048.1515293567186 -3.0970848684153856
-7423.494272988689 1047.6674566899867 -3.103196105037749
-7434.3632250721275 1047.2499212332978 -3.107964372924006
-7445.232177155566 1046.884279221572 -3.1113880435116528
-7456.101129239005 1046.5558868897292 -3.1134661355540714
-7466.9700813224445 1046.25010047269 -3.114219602876472
-7477.839033405883 1045.952509765754 -3.114790849364003
-7488.707985489322 1045.6611324675296 -3.1168719130760434
-7499.5769375727605 1045.392389176835 -3.120599961056516
-7510.445889656199 1045.164187084238 -3.12597570155627
-7521.314841739638 1044.9944333803073 -3.1329997528949876
-7532.1837938230765 1044.9010352556113 3.1415790922294384
-7543.052745906515 1044.9011826533872 3.13417093236128
-7553.921697989955 1044.9818504669154 3.1317017178315303
-7564.790650073393 1045.0893580796003 3.134273836592104
-7575.659602156832 1045.1689073712155 3.137834232270232
-7586.528554240271 1045.209757664794 3.1381190442791813
-7597.397506323709 1045.2475123097965 3.1349255323880194
-7608.266458407148 1045.3199780043885 3.1282542155378197
-7619.135410490587 1045.4649614467367 3.1184674646065655
-7630.004362574025 1045.7163528318697 3.108483816970627
-7640.873314657465 1046.0763427399556 3.0997164234741508
-7651.742266740904 1046.5317597188805 3.092173541470041
-7662.611218824342 1047.0693313796721 3.0858535386039843
-7673.480170907781 1047.6757853333568 3.080754513614596
-7684.34912299122 1048.3378491909627 3.0768745650112934
-7695.218075074658 1049.0422507150943 3.073999717570647
-7706.087027158097 1049.7780359924711 3.071380115402552
-7716.955979241536 1050.5424292207454 3.0688505626048648
-7727.824931324974 1051.3344569968656 3.066406299140443
-7738.693883408414 1052.1531972386624 3.063571280062769
-7749.562835491853 1053.0029327172356 3.0594679010465833
-7760.431787575291 1053.8975548746484 3.0540041217673206
-7771.30073965873 1054.8519924150014 3.047232891390276
-7782.169691742169 1055.8806389047784 3.0405726246900655
-7793.038643825607 1056.9823710530688 3.0356190595752666
-7803.907595909046 1058.1385242342624 3.0324528632420837
-7814.776547992485 1059.3294918798897 3.031070468755196
-7825.645500075924 1060.5356674214804 3.0311437650372137
-7836.514452159363 1061.7410365048063 3.0308871333107543
-7847.383404242802 1062.9492292919183 3.0296935366103113
-7858.25235632624 1064.1705572766746 3.0275632275465716
-7869.121308409679 1065.4153374991135 3.0244975890203722
-7879.990260493118 1066.693886999275 3.0204986837647034
-7890.859212576556 1068.0165228171977 3.015569330863188
-7901.728164659995 1069.3935619929211 3.009713204374991
-7912.5971167434345 1070.8353215664852 3.00293495295688
-7923.466068826873 1072.3521185779277 2.995240339005993
-7934.335020910312 1073.9542700672887 2.9870151467918142
-7945.2039729937505 1075.647876243057 2.9797756956327857
-7956.072925077189 1077.4221705783605 2.9738931235580917
-7966.941877160628 1079.2621700101927 2.9693599620708535
-7977.810829244067 1081.152891475547 2.966170119265113
-7988.679781327505 1083.0793522901422 2.9639639217688405
-7999.548733410945 1085.0305551905965 2.9615083993478324
-8010.4176854943835 1087.0093193755295 2.958538075318297
-8021.286637577822 1089.021456065316 2.955054691224558
-8032.155589661261 1091.0727764803307 2.9510603434682245
-8043.0245417446995 1093.1690918409483 2.9465733974135646
-8053.893493828138 1095.316033919066 2.9418903469777367
-8064.762445911577 1097.5159112140161 2.9372709684641567
-8075.6313979950155 1099.7681023997734 2.9327239600866233
-8086.500350078455 1102.0718857831482 2.9282491214725614
-8097.369302161894 1104.4265396709518 2.9238462419454083
-8108.238254245332 1106.831342369994 2.919515101245767
-8119.107206328771 1109.285572187087 2.91524049835043
-8129.97615841221 1111.788678787882 2.910903392413425
-8140.845110495648 1114.3414753073246 2.9064476826965833
-8151.714062579087 1116.9454261340338 2.901873974794607
-8162.583014662526 1119.6019996939299 2.897183274126464
-8173.451966745965 1122.3126644129334 2.8923766343442145
-8184.320918829404 1125.0788887169642 2.8874551584427093
-8195.189870912842 1127.9021410319424 2.882419999819555
-8206.058822996281 1130.7838897837892 2.8772723632792196
-8216.927775079721 1133.725603398424 2.872013505973798
-8227.796727163159 1136.7287503017674 2.866644738274734
-8238.665679246598 1139.7947989197398 2.861187837479534
-8249.534631330036 1142.9249774082891 2.8561926321615667
-8260.403583413476 1146.1140367587857 2.8522515082359674
-8271.272535496913 1149.3496738156787 2.8493873201427933
-8282.141487580353 1152.6192294935063 2.8475946121754334
-8293.01043966379 1155.9100447068047 2.8468699320029587
-8303.87939174723 1159.2094603701114 2.847211875900089
-8314.74834383067 1162.5048173979633 2.848621106805689
-8325.617295914108 1165.7834567048963 2.8511003458178292
-8336.486247997547 1169.0327192054488 2.854654336839058
-8347.355200080985 1172.2399458141563 2.859289783187881
