-76.27212415058226 32.39363706433133 2.739966517933743 -75.49029295678304 34.23449012321531 -77.05395534438148 30.552784005447354
-192.83086884644402 88.52897643607808 2.6927768752643972 -191.96307104566128 90.33089956899931 -193.69866664722676 86.72705330315685
-471.99710246189073 248.1760443017233 2.6221340378492286 -471.0042819790792 249.9122204128681 -472.98992294470224 246.4398681905785
-661.337791618201 352.8004242606336 2.6368281378023966 -660.3705889439217 354.55100101898125 -662.3049942924803 351.0498475022859
-836.6674419664241 437.79174179204796 2.6902899174169077 -835.7951655470305 439.59150117823543 -837.5397183858178 435.9919824058605
-945.2524023547202 478.5158046450935 2.7828749252107485 -944.550254614603 480.3885001758855 -945.9545500948374 476.6431091143015
-1046.4213500580906 508.92324648107245 2.849723955159333 -1045.8458652708675 510.8386621695523 -1046.9968348453137 507.0078307925926
-1165.260784151379 535.8950028394486 2.9185274785279196 -1164.818344371867 537.8454507473675 -1165.7032239308912 533.9445549315296
-1314.86370448365 557.7695774633148 2.9965305666676523 -1314.5745967540338 559.7485713290648 -1315.1528122132663 555.7905835975648
-1786.746583023506 592.7939775493493 3.0676487247075386 -1786.5988298967566 594.7885123355928 -1786.8943361502554 590.7994427631057
-1911.6278535083652 608.6829381506377 3.0152342346035397 -1911.3758086321877 610.6669929332464 -1911.8798983845427 606.698883368029
-1982.6736555982657 621.566562071638 2.962407372627718 -1982.3171996824444 623.5345405217425 -1983.030111514087 619.5985836215335
-2058.1128624121966 639.5547786554235 2.907732508868034 -2057.649393794428 641.5003368890274 -2058.5763310299653 637.6092204218197
-2143.163782010035 663.8692077958304 2.8633626568492376 -2142.6144737194445 665.7922939618377 -2143.7130903006255 661.9461216298232
-2217.22705323387 689.8458123368623 2.804495810770673 -2216.5655557825876 691.7332500502577 -2217.888550685152 687.958374623467
-2392.355887208713 762.9965996396667 2.746164887677007 -2391.585481248598 764.8422633838574 -2393.1262931688275 761.150935895476
-2799.081238551313 952.2575090395795 2.706324873533524 -2798.2379320953814 954.0710233685508 -2799.924545007245 950.4439947106083
-2860.0490800986236 975.2400488616454 2.781407456917334 -2859.3441849942024 977.1117119968712 -2860.753975203045 973.3683857264195
-2957.1770667982382 1008.2188014000949 2.8145781314413867 -2956.5346323982026 1010.112812498703 -2957.819501198274 1006.3247903014868
-3089.1861775861134 1040.9883526769781 2.8985953030859424 -3088.7049515967865 1042.9295949460409 -3089.6674035754404 1039.0471104079154
-3203.3451416530897 1063.4365005026027 2.9477662569983956 -3202.9599115712977 1065.3990493004883 -3203.730371734882 1061.4739517047171
-3490.801896525142 1114.6826580856832 2.9655198647066676 -3490.4515676433693 1116.6517364677177 -3491.152225406915 1112.7135797036487
-3566.051525592774 1131.3519468293175 2.923972471049634 -3565.6197124937553 1133.3047748933097 -3566.4833386917926 1129.3991187653253
-3688.1686075589837 1165.3465698091002 2.870476871606943 -3687.6329943017213 1167.2735151738277 -3688.704220816246 1163.4196244443726
-3783.0941553379453 1198.8878512113386 2.8023435696930736 -3782.428597200895 1200.7738608524078 -3783.7597134749954 1197.0018415702693
-3865.3849873567133 1232.313861508337 2.756169540402574 -3864.6330848691987 1234.1671403997261 -3866.136889844228 1230.4605826169477
-4228.67852090215 1391.9999934126026 2.727881897643914 -4227.874501327437 1393.831264152684 -4229.482540476863 1390.1687226725212
-4340.8078389472785 1432.3220787632301 2.7968478037578732 -4340.131925845914 1434.2044021890538 -4341.483752048643 1430.4397553374065
-4468.591619697103 1471.43282393432 2.845048445495583 -4468.007185688097 1473.3455280120895 -4469.176053706109 1469.5201198565503
-4603.244390671253 1502.6723036030485 2.914110995730889 -4602.793341115071 1504.62077846762 -4603.695440227436 1500.7238287384769
-4725.3616040919605 1519.3746538095043 3.0061632739208246 -4725.091572549015 1521.3563407085412 -4725.631635634906 1517.3929669104673
-4846.839524500237 1532.3064543582566 3.03605172644696 -4846.628834297257 1534.2953258066836 -4847.050214703217 1530.3175829098295
-4974.638003713516 1537.6996053938515 3.0999440202768804 -4974.554730526162 1539.697871035919 -4974.72127690087 1535.701339751784
-5053.735829227213 1537.4099016863227 3.1457958985074175 -5053.744235692295 1539.409884019081 -5053.727422762131 1535.4099193535644
-5125.78587001214 1534.565413874356 3.1816007531260455 -5125.865864866625 1536.5638134398223 -5125.705875157654 1532.5670143088896
-5232.626943450942 1527.0818851346453 3.2120790810437096 -5232.767799601416 1529.07691885488 -5232.486087300468 1525.0868514144106
-5299.27781443664 1520.685724957638 3.237833511415123 -5299.4699991525495 1522.6764698019037 -5299.085629720731 1518.6949801133724
-5375.084658462858 1512.5204108164407 3.2494670048122254 -5375.299988968565 1514.5087852211523 -5374.869327957151 1510.5320364117292
-5460.871809941149 1502.0319766761788 3.2638341819599948 -5461.115684567959 1504.0170522834035 -5460.627935314339 1500.0469010689542
-5539.884757240835 1491.207452250249 3.278335453370503 -5540.157391337549 1493.188782775252 -5539.612123144121 1489.2261217252458
-5639.042767613957 1473.6288158126856 3.3176508473953454 -5639.3930677568405 1475.5978993075876 -5638.6924674710735 1471.6597323177837
-5704.873740628202 1461.7992121354123 3.3200045690776765 -5705.22867447099 1463.7674656676695 -5704.518806785413 1459.830958603155
-5769.240863289118 1448.7488621814427 3.342249782229721 -5769.6394899244615 1450.7087338113192 -5768.842236653775 1446.7889905515663
-5826.4672599396445 1435.8053743747073 3.3646572982065157 -5826.909698684551 1437.755822517316 -5826.024821194738 1433.8549262320987
-5935.977939152138 1408.252232628898 3.38871202368282 -5936.467162869205 1410.1914747887786 -5935.488715435071 1406.312990469017
-6006.8499163245515 1388.8843749884745 3.4090037160057074 -6007.378387130319 1390.813291421981 -6006.321445518784 1386.9554585549681
-6099.790344787624 1362.5426802670374 3.4184278594945248 -6100.3369702418 1364.4665307323405 -6099.243719333448 1360.6188298017344
-6232.564887576852 1322.5836566715132 3.4345872970650504 -6233.142528651637 1324.4984231817493 -6231.987246502067 1320.668890161277
-6377.154320353194 1277.3097892844492 3.4457197282772354 -6377.753241200702 1279.2180067297156 -6376.555399505685 1275.4015718391827
-6531.452049818452 1228.6060567657307 3.448035674819483 -6532.055388385416 1230.5128820261082 -6530.848711251488 1226.6992315053533
-6695.731120762358 1179.1356169900882 3.43480164781492 -6696.309172255506 1181.0502596385395 -6695.1530692692095 1177.220974341637
-6808.820865950868 1147.71270299569 3.4133417995172124 -6809.357699558335 1149.6393087358178 -6808.284032343401 1145.7860972555623
-6887.8455070431555 1127.4701800503908 3.3930953277535316 -6888.343226321249 1129.4072591711843 -6887.347787765062 1125.5331009295974
-6959.544032131908 1110.2180711950346 3.3784724149910534 -6960.013373467871 1112.1622210633207 -6959.074690795946 1108.2739213267485
-7041.038532638718 1093.528692925754 3.3443474137824065 -7041.441269482626 1095.4877240726628 -7040.635795794809 1091.5696617788453
-7099.365595966013 1083.1455000235435 3.3185290504225406 -7099.717625228677 1085.1142751245206 -7099.013566703348 1081.1767249225663
-7165.841510928466 1072.1034015223988 3.3069679931457117 -7166.170756050945 1074.076114793334 -7165.512265805987 1070.1306882514637
-7226.730503840118 1064.05267282649 3.2738286337074474 -7226.994205698903 1066.0352119382537 -7226.466801981333 1062.0701337147261
-7335.7793070258085 1052.490654075875 3.2480094461818716 -7335.991739131536 1054.4793402251848 -7335.566874920081 1050.5019679265652
-7365.169160310113 1050.8500869525901 3.1981528483243764 -7365.282220396159 1052.8468887497006 -7365.0561002240665 1048.8532851554796
-7408.933568955575 1048.3336861652592 3.199828599027817 -7409.049975023327 1050.3302956982902 -7408.817162887823 1046.3370766322282
-7474.029691967453 1046.0566676074334 3.1773628746051177 -7474.101217154356 1048.0553882351446 -7473.95816678055 1044.0579469797221
-7538.850279280977 1044.889246400845 3.1604129717286895 -7538.887917695214 1046.888892206925 -7538.8126408667395 1042.889600594765
-7570.435916710533 1045.1370505079326 3.1345666241242833 -7570.421864767215 1047.1370011430456 -7570.449968653851 1043.1370998728196
-7621.613823295131 1045.5121061444213 3.1350870269275752 -7621.600812133585 1047.5120638213923 -7621.626834456676 1043.5121484674503
-7694.7618702179625 1049.0120075141178 3.094610577400994 -7694.667940629858 1051.009800604625 -7694.855799806067 1047.0142144236106
-7735.775216254592 1051.9307380613636 3.0713832809722916 -7735.6349128432585 1053.9258107299067 -7735.915519665926 1049.9356653928205
-7777.245832589847 1055.4047192681996 3.05885877451837 -7777.080553535341 1057.3978782769448 -7777.411111644353 1053.4115602594545
-7826.771568583099 1060.6607156613793 3.0367070537692147 -7826.562181787068 1062.6497247537789 -7826.98095537913 1058.6717065689797
-7934.334893999433 1073.9542508213638 3.019478784474315 -7934.091272787882 1075.9393575452661 -7934.578515210984 1071.9691440974614
-7988.160146185315 1082.9866579592651 2.9761942038589 -7987.830855473176 1084.9593636207612 -7988.489436897455 1081.013952297769
-8047.934370414571 1094.1323706263863 2.958114320644877 -8047.5694691757035 1096.098800662231 -8048.299271653439 1092.1659405905416
-8121.528862931316 1109.8390470946576 2.932200019087876 -8121.113131252918 1111.7953617860035 -8121.944594609715 1107.8827324033118
-8244.455578838475 1141.4542703048721 2.890743419115701 -8243.959125430929 1143.3916742416227 -8244.952032246021 1139.5168663681216
-8305.504433399165 1159.702723106964 2.852027102859603 -8304.933361619605 1161.6194591405874 -8306.075505178724 1157.7859870733405
-8358.224152164425 1175.392477445557 2.853235457848875 -8357.655396898768 1177.3099021371129 -8358.792907430081 1173.4750527540011
-8395.016437714472 1188.0727092495038 2.810605916676028 -8394.366484983684 1189.964153525115 -8395.66639044526 1186.1812649738924
